Ha_FWQM_1_4 Ha_FWHM Ha_FWQM_3_4 Hb_FWQM_1_4 Hb_FWHM Hb_FWQM_3_4 EW_b_Ha EW_b_Hb EW_n_Ha EW_n_Hb EW_n_OIII EW_FeII integrated_flux_b_Ha integrated_flux_b_Hb integrated_flux_n_Ha integrated_flux_n_Hb integrated_flux_n_OIII integrated_flux_FeII L5100 sigma_line_Ha sigma_line_Hb v_peak A.I._Ha K.I._Ha A.I._Hb K.I._Hb
8657.670315353807 5596.072230346586 3497.3020056180703 9663.186048390446 5917.0935487834995 3570.2072876422317 455.1322571820649 89.04976625175298 38.188226275240964 7.422627669398564 75.05015808682572 31.31304736034361 44.17320576867997 11.236961732102994 3.7052504215915922 0.9340635099768827 9.09432464378324 15.80051498532984 1.1636215170386438e+55 4593.094496793269 3539.29623339518 61.246652739464764 -0.0663644251913818 0.4039541676027829 -0.17511134608334034 0.3694648193425713
8665.479293210092 5601.926007731803 3499.258641635227 9629.090792538746 5896.111755736654 3559.7184064020657 454.6241713377838 88.90700034077743 38.06797878678824 7.549679482302304 75.00211045987635 31.31304736034361 44.117006524450446 11.219333793578972 3.6930157597499162 0.9501539050625576 9.09009175009599 15.80025163648508 1.1629336142151739e+55 4604.178763482899 3532.276561273847 60.25910611171452 -0.06802055912151966 0.40381593714927 -0.17328402759024197 0.3696837513631474
8605.202814852493 5557.202631562774 3472.035945866103 9699.99497494262 5925.003696466907 3570.2281910479014 454.02393415852174 89.40615978523037 38.132501033866305 7.440581750219493 75.40047222778267 31.31304736034361 44.140580985382826 11.278412550218523 3.7061573044096767 0.9360711864383239 9.132990575744968 15.80452624122375 1.1652479499819964e+55 4535.686693654072 3546.9788356436425 59.491739761762275 -0.06206540342535825 0.4034810126582262 -0.17502279374551416 0.36806495263870187
8700.50750522463 5642.783874951238 3530.3870158691443 9621.233195457546 5893.497550832772 3559.7250240220196 455.31505264716776 88.84167886001501 39.34007186650079 7.138646174490248 75.73151221732876 31.31304736034361 44.13649818304073 11.21420850701601 3.8122521358138983 0.8987099147683048 9.17892143284727 15.80594324151336 1.1677990352170594e+55 4635.426562305595 3528.0781233720377 59.701895242631906 -0.06747780550527846 0.40576794097920804 -0.17164664842799524 0.36998635743520547
8683.008930618671 5605.831482536489 3503.1583969633393 9655.36866675352 5935.505316892133 3588.6049394920856 454.51920441575703 89.04662412447796 38.25674126480156 7.710750394230591 74.45521399551399 31.31304736034361 44.096590961986315 11.233952353915619 3.710454112632594 0.9702382497277167 9.021837512952256 15.797507581559858 1.162978290989252e+55 4597.069734587215 3529.0751933691663 59.44380296749539 -0.06739148485725664 0.4034498207885336 -0.1711425869628116 0.37166938553561235
8624.6181790922 5588.301314508784 3495.362847954141 9576.572317989237 5911.853305951743 3585.964305475075 456.1905586816955 88.96844570740666 38.30439406190974 7.431960688012831 74.94109825230782 31.31304736034361 44.264365664546304 11.222570686454418 3.71557416924028 0.9350154194523355 9.079874315789274 15.794989803852763 1.1648538178579571e+55 4585.768417206206 3513.1024437501046 60.736507896622136 -0.06609159597190081 0.4052774018944514 -0.1713692265199576 0.37445175438595846
8679.100834097066 5599.984603622871 3499.2609593322386 9736.728845287362 5959.11956829401 3588.5975550034486 452.0320332165325 89.44736961526193 38.67578347826634 7.279734822153384 74.71094307364747 31.31304736034361 43.94153170570337 11.287432064717837 3.7585224589281125 0.9161367087767643 9.053197703443509 15.807073111358386 1.1623041505003e+55 4550.081496045399 3551.321358491463 60.060581652961126 -0.06408158239045096 0.4031824294038503 -0.17484289447280854 0.36856295497438574
8649.94908576159 5592.2202881862895 3495.380820128972 9629.124965701158 5880.381658443481 3546.6051877487 457.0005163897355 89.67623520541339 38.440751923013245 7.37225087125703 75.16237352846436 31.31304736034361 44.26890696070432 11.318889909380344 3.722492941404636 0.9279460613832228 9.109215859711233 15.799419277273602 1.1635611977346462e+55 4631.099284911414 3536.873786666502 59.19537150176493 -0.06424740053746993 0.4040926467281304 -0.1712387394584657 0.368320610687022
8684.893335488763 5619.408028270329 3514.8045368932508 9773.432912797422 5980.09137130065 3601.705602030144 456.0695752432004 88.14948135070344 38.766447961863186 8.01266024052815 75.13022173844425 31.31304736034361 44.17587468387713 11.133361030639108 3.7538114729386343 1.0091372249652768 9.111337255271986 15.80515454136639 1.1663020554819197e+55 4648.155482048385 3561.235325578368 61.53913652942901 -0.06698928723557282 0.40470324748040754 -0.1813637968748419 0.3685200107440281
8786.058825415923 5677.774122512576 3549.824519899078 9697.325680652451 5995.855943316215 3630.5905295999455 459.5154259779272 89.1691315607379 39.17056450471555 7.203052573448584 74.33520721643235 31.31304736034361 44.4168744270587 11.257215424178145 3.7850587480163904 0.9068363240540895 9.013775205363409 15.789997870782495 1.1613020383930318e+55 4697.3906824452515 3533.9130023803605 60.85563201034185 -0.06855984118590801 0.40402922293557864 -0.16992340043200493 0.3743909041689186
8657.60346490829 5615.479937809505 3514.7808270252463 9618.48418732447 5854.0446882461 3525.5524736835823 456.22878021573376 89.22019203642292 39.17683184089703 7.073301004222558 76.11380611887117 31.31304736034361 44.15155102669427 11.255808261726232 3.7901631561181075 0.8898058132130345 9.219543583397817 15.788679744463876 1.1679313722848581e+55 4645.0978731255445 3544.2435787281347 63.56103574111777 -0.06847622300303748 0.4059761851269401 -0.18216511031453025 0.36653930131004037
8745.196777000123 5638.862423604018 3522.587046963393 9710.435078999039 5948.593103274379 3588.581982425499 452.9539148105655 89.60329669535916 38.02338869811823 7.291808896745839 74.08584885880437 31.31304736034361 43.978353866923186 11.31437363073272 3.690624060404328 0.918065725404564 8.983559630520952 15.805569651474226 1.1579543089544589e+55 4605.193090145707 3549.917152970896 61.361258609090754 -0.06801179023444731 0.4028024911032077 -0.1707306430705279 0.3695593403622666
8632.327225338924 5572.694344433514 3481.7182815134565 9573.86797988853 5922.304952736021 3596.4351884966372 454.9475160153558 88.87729471002167 37.95916781809659 7.373349144090194 75.44255137419101 31.31304736034361 44.176374155888254 11.214863742242288 3.684780801075523 0.9276678590480706 9.139120704543618 15.80083320798796 1.1632499936999864e+55 4586.781669696178 3523.29251352689 63.21543550991599 -0.06665968358485773 0.40333483551149285 -0.18692441601190837 0.37565122018096925
8607.206632801744 5566.966188266393 3481.78528196954 9587.17814309979 5875.165576193167 3554.5014254537305 457.5542681910482 88.30991716503276 38.19103136699953 7.529227468532238 75.43864134947746 31.31304736034361 44.363882825853025 11.146455999984745 3.70189984830497 0.9477124955186101 9.142441124555255 15.802977994640475 1.1654687660019906e+55 4574.4653611012 3526.505648556671 57.44759494124841 -0.0650301923544509 0.40451977401130185 -0.17198890092086547 0.3707557502738199
8673.22267300254 5592.1765384351675 3493.4083697494116 9647.425682856549 5924.963201689023 3580.7043895010374 454.75657636543167 88.7378440890945 37.38011564016605 7.683404074404146 74.4639595301126 31.31304736034361 44.182645420768594 11.201962309119455 3.6306402073561115 0.9673101084985 9.026394423507291 15.811288254530602 1.1607606751100765e+55 4555.112289152878 3531.7044078691165 61.540281927600674 -0.06244675017558777 0.40278089257681265 -0.1737476627861112 0.3711564625850335
8626.667977853132 5576.698329764375 3487.62473151989 9566.187780622942 5940.8021261113445 3614.884899538359 456.867233120809 88.08374588247185 38.287470254886436 7.550652237667239 75.65819929625644 31.31304736034361 44.29649634632903 11.12218693157024 3.711174078717649 0.9506794454869787 9.173417568837396 15.802883953204708 1.1655992592230623e+55 4639.317025923468 3512.096112375186 57.099078736789565 -0.06362036260425555 0.404284103720407 -0.17471499087636463 0.3778814489571896
8531.295048153077 5510.5241384901565 3444.8070064476196 9600.24616554561 5833.127421340544 3509.852098259371 452.6597962296719 89.33034586006559 38.01861740695465 7.369959048475413 76.2945465860484 31.31304736034361 44.02344418383914 11.2546160768333 3.6964536132300063 0.9260949382523941 9.232324456352464 15.78664542373597 1.1674104337913268e+55 4530.12401577036 3534.7217843294725 59.25550206130785 -0.061713715204596835 0.4037847697218465 -0.17086697392995442 0.36560021875854637
8624.597023491864 5559.111026869615 3470.067904805952 9558.172774187755 5953.841211716006 3625.332766040476 453.94880463625094 89.39398075796062 37.16546521487576 7.214296324682799 74.31802720161423 31.31304736034361 44.137395239181714 11.278346240238388 3.612504480697449 0.9079163474833741 9.007518933913438 15.804567041488024 1.1602307304536322e+55 4552.748160731969 3494.351170524679 61.47172937212969 -0.06591791578905656 0.40234551195309254 -0.16712698342653243 0.37929140346059015
8651.800539330248 5615.500934587756 3514.7939691028732 9705.149836463472 5945.946545737008 3583.3187792189988 452.9563638457464 89.14025635807019 38.987463438407445 7.101154335427198 75.87513096216767 31.31304736034361 43.89342120627281 11.250558629921953 3.776819143213908 0.8937146645730408 9.19375295842483 15.80042490694212 1.1680083414908257e+55 4637.673330844197 3549.2697034720354 62.44032277358122 -0.07044879676882543 0.40624999999999534 -0.17992060623867093 0.3692182850960238
8642.278979683508 5598.127144616044 3501.260896563227 9792.010587509589 5922.46002290127 3544.02527966169 454.72179503309064 89.61444692798008 37.91288083044074 7.561524171454697 75.67158877545853 31.31304736034361 44.14267790076765 11.307594952838329 3.679345853773004 0.9514924408083404 9.168009582721776 15.802456245980263 1.1678157137797996e+55 4582.1786862948775 3573.4498201596666 55.36729808286546 -0.062487027078530606 0.40513166779203513 -0.17896313067682285 0.36193029490617057
8657.623084722432 5601.876990339373 3503.118215139315 9657.883056125109 5867.183645131783 3528.1856013678157 454.7464564870632 89.12431261654761 38.46537667559014 7.0958134635483 75.32450581485804 31.31304736034361 44.13160240715203 11.246044332192028 3.7317939022264275 0.8929462891056182 9.128534813349809 15.798465917681813 1.1656891903569464e+55 4615.3199582200505 3547.089342308339 62.881791736718284 -0.06919921035734941 0.4046281734441696 -0.17458299440112238 0.3653166621364515
8640.130440513753 5592.160066744045 3497.288278262914 9623.770987456239 5890.818902305378 3557.0675635578864 458.4399105549361 88.66456819360663 38.50198528309143 7.613477486479684 75.40201846264972 31.31304736034361 44.39458574013139 11.198433955294492 3.7273419584704257 0.9587762843890497 9.14404485894954 15.802194278343537 1.1658973726442102e+55 4645.7986971503315 3541.700215459558 62.42313586648512 -0.0672522869169057 0.4047726249437226 -0.1820383152941693 0.36961265684669964
8682.820475111588 5615.435195261505 3508.917593436686 9597.406660129254 5830.372043803953 3509.7737156983376 453.2887486309179 89.02090629405693 40.648223668824535 7.139203795342573 75.20203772527901 31.31304736034361 43.97727299034673 11.237548829767455 3.9424511943499256 0.8986953635094322 9.11539647861694 15.804252817610779 1.1649600886334161e+55 4601.9625099628865 3541.38732123022 65.94919039911446 -0.06879219838697168 0.4041218637992847 -0.1804898272391269 0.36570021881838954
8620.735864458584 5586.361327329664 3493.4209414637753 9744.591294841164 6048.367010591122 3669.972691322162 454.37694450580193 88.1867706304776 38.10035252383555 8.194287274576624 76.5172006994346 31.31304736034361 44.11236280707178 11.115935741246643 3.6977810445507946 1.02995445845672 9.261727050675244 15.785087627836361 1.169256883239323e+55 4587.40686740805 3540.6829654592875 60.4616414997547 -0.06696232425689731 0.4052346570397069 -0.17947248031116309 0.3766163793103426
8595.48904895889 5557.210276731326 3473.985843276966 9595.00146348215 5867.258076848865 3543.981388700714 455.2113230265002 89.13577927213771 37.60707265403946 7.389347492371128 75.25436843379377 31.31304736034361 44.2189709693942 11.24143418771651 3.6520137556851435 0.929625135246948 9.117683706721179 15.797517798845936 1.1640761219740595e+55 4576.59114669656 3521.823378559979 59.0793903834129 -0.06456868137249051 0.40416383797240074 -0.17109531091358604 0.3693570451436448
8657.756406513905 5584.45712044518 3489.556277979384 9697.409459098064 5998.532922046315 3635.872252531328 455.6042599009667 89.16297182833051 37.82475092678967 7.508145182817517 74.86094852462148 31.31304736034361 44.23165556720741 11.25198286708173 3.6710428073297283 0.9449388449318753 9.071180808806735 15.805411838080012 1.1619160709473818e+55 4575.153532194484 3531.0121849498 58.266150274306014 -0.06227796177834892 0.4030554931476149 -0.17118539908003663 0.37493232268543325
8630.588561378145 5584.4984808917725 3493.4724039294606 9710.607271334356 5896.194628661027 3538.766856382481 455.34098856024855 89.75658119312291 38.70286090113998 7.509722361631708 74.95000810570774 31.31304736034361 44.186797877220336 11.322575598664645 3.754597800631949 0.9447355580694629 9.077972802983513 15.798770801821927 1.1651413376742164e+55 4591.0694862741675 3556.654932018165 56.04621380493296 -0.06277744641320084 0.4047780031552817 -0.17933013095332653 0.36442281697756385
8611.015448560149 5572.748872854052 3485.6425759701706 9592.337785536358 5898.736454324124 3572.843931613241 454.52008319020933 88.71057609454225 37.8563372082283 7.306801494384223 76.23584557826679 31.31304736034361 44.10540466509863 11.188587478391563 3.6723821089360413 0.9190147782538823 9.23093246172008 15.797452598713623 1.1677496948883857e+55 4575.845325520808 3525.4014905250087 60.282606043537825 -0.06734643842426614 0.40478879602439993 -0.1781182645269668 0.3724685276409357
8651.911208487832 5586.395906199936 3491.4974413749705 9658.020819736726 5967.024007410024 3617.4918971452234 455.18754420559094 88.8023270202417 38.31619995031867 7.560188311101835 75.0428824501331 31.31304736034361 44.175282956382325 11.20799691405963 3.7174054656150224 0.9514533574800312 9.092972636881294 15.80352871356399 1.1613522184802927e+55 4595.52364458028 3531.958156585983 58.6063383419231 -0.06215171840120223 0.40355215827338675 -0.172317239249705 0.37455830388692773
8706.250224928881 5607.712108684118 3501.173012705964 9692.0095572365 5980.064401783495 3620.06532487247 454.49382493357683 89.77551322989645 37.76660239613968 7.422359925149798 74.16753873977314 31.31304736034361 44.151695590616704 11.334275424064971 3.667661667378087 0.9344449183312021 8.990398121925068 15.810925931574562 1.1585176152591073e+55 4567.026170007192 3537.9285976234232 62.89088814394171 -0.06739938816977056 0.4021447721179601 -0.17524444945460466 0.3735102925243777
8679.064043269598 5599.960865211354 3499.2461259171364 9631.68150406775 5906.59127395814 3570.2062811479786 454.72440772803066 88.69151137327248 37.4375400371269 7.48490955024917 75.37566301177895 31.31304736034361 44.15891347291765 11.19294336586954 3.634534894159723 0.9418835601713731 9.13252331360156 15.804082624001532 1.1625040771274753e+55 4586.876963488094 3536.186632023411 61.33115139580493 -0.06568400606054806 0.4031824294038614 -0.17459100124385393 0.37067320795856595
8690.743807272478 5603.856962567515 3499.2498006453015 9699.945634050946 5998.477881950335 3635.8388912478076 454.10539617290397 88.95589906245077 39.17089173197653 7.747039605459339 74.66375010707509 31.31304736034361 44.104767293941364 11.231696859819388 3.803267489348523 0.9753268459223318 9.05206876557927 15.807458852903862 1.1597002023169487e+55 4586.000973912954 3538.3699789709453 61.01638919020128 -0.06819050023011564 0.4026410026857659 -0.17477026049473193 0.37483085250338544
8665.412532891194 5597.992653122537 3497.2865845428514 9673.644002707522 5943.318866249518 3591.1926718328205 453.82119738830323 89.105784038125 38.202204952641885 7.42797795704384 74.21050116280179 31.31304736034361 44.10505746063554 11.252477758742671 3.711585751625644 0.9355131291827139 9.001001686878977 15.813477250719108 1.1614136442802729e+55 4573.141998325214 3535.2016725991953 62.56829369380574 -0.06554860913023078 0.40359147025813785 -0.1725773880727521 0.3712347354138414
8661.585150728777 5580.5272394881395 3485.641273322677 9736.717994094613 5938.111648056631 3570.2174364973207 455.3450541282296 89.59606788631515 38.91514320215844 7.2218511691608684 73.84438111901572 31.31304736034361 44.24615942967497 11.31055613174815 3.780264281147704 0.9093597349997189 8.954288634255136 15.811125788653179 1.1590687569532889e+55 4566.674827586622 3547.6920570740767 60.39462135733893 -0.06175599330642231 0.4024253312373658 -0.16861293294691465 0.3666756538150414
8714.053077843162 5617.452073395336 3508.9624447385877 9731.41171909918 5990.58040004974 3617.449514140481 452.6461294626654 89.25613189278667 37.96476971288358 7.641682277826919 74.46518197252811 31.31304736034361 44.025479568231134 11.269738714613549 3.6913873221200313 0.9622028919391494 9.029097684205603 15.814081291353673 1.1594959745831775e+55 4568.4116074600215 3544.881444753963 62.11805906289755 -0.06915610094855831 0.4026785714285665 -0.17442113471010168 0.37172916104667103
8599.283586364352 5543.532734932925 3462.276585326502 9692.024939462592 5854.067067985239 3509.815098608257 456.0249062307631 89.1721272362855 37.239537232974286 7.332719989038311 74.24020112386899 31.31304736034361 44.34573131052773 11.256327314397218 3.6202593552927396 0.9231556154163779 9.002193322897687 15.807998347178888 1.1614420840977375e+55 4565.402201482598 3556.169116891364 62.41518618143411 -0.06538034152579955 0.4026238407600069 -0.17779455777923647 0.3621343445287163
8686.884450612743 5605.821985370791 3501.207346865862 9663.227800310728 5922.369442407171 3572.847877267838 454.28610645623417 88.92231146336816 38.46636884488377 7.456870043387261 74.69136355544993 31.31304736034361 44.10816625595204 11.2211125796141 3.7336334344737603 0.9383758907296238 9.050174094753539 15.803212741556962 1.1598199671368916e+55 4598.2643322625945 3539.597180719911 59.95159812924659 -0.06567200327086867 0.4030452306314376 -0.17496776480776075 0.3697364846509104
8616.79969322456 5561.045219622801 3473.95129844223 9684.160992134508 5901.32662247726 3551.821583724026 456.0091369100295 89.29715925000387 36.944355846729536 7.483385161592254 74.8778462403768 31.31304736034361 44.27828179232218 11.267081967302417 3.5861550170825827 0.9416232584982163 9.07406509430415 15.797732052295377 1.1610190314429496e+55 4609.874363739847 3548.247180350299 62.0598976397446 -0.06876641791275499 0.40316027088036155 -0.17346102714261383 0.36676606126321337
8644.016622749605 5586.322173838158 3493.396456898771 9660.518488697286 5930.193278795427 3585.942460750156 454.92801888999776 89.43403893554195 37.50484158196883 7.106041930180989 75.27972509972395 31.31304736034361 44.19363299813557 11.284151291314329 3.642258165099565 0.8940813235669417 9.12081644618685 15.80081393136824 1.1633078421421173e+55 4572.806247196489 3538.3731397489173 62.56239250401482 -0.06846683810360486 0.40414041404140016 -0.17605410044847888 0.37119565217391537
8595.398306837356 5555.206509239087 3472.004068274398 9692.030485915071 5938.075016018355 3583.32113035588 456.6741348678837 89.0574900146052 37.973125304200714 7.459488506025557 75.1140029232717 31.31304736034361 44.336041677354444 11.23153292470229 3.685491910703621 0.9382596242166928 9.0976279909563 15.795819928014632 1.1649548346820234e+55 4583.349598080737 3541.47572271211 62.24365975059204 -0.06371889513429041 0.403937542430411 -0.17958463754196274 0.3697183098591504
8642.124928098156 5584.411584193081 3491.472934039203 9631.701457506444 5840.974582434354 3512.4602208077094 458.18986273276306 89.55833438669126 39.15211491429251 7.083652174148066 75.07368122387022 31.31304736034361 44.343378151330526 11.296761593056003 3.7879667730349666 0.8911518593428088 9.092495804535728 15.792186119021203 1.162845564984702e+55 4623.511519275017 3541.5031115003235 60.71021447442558 -0.0661187995332874 0.4040063020481654 -0.17388019156646037 0.3646770237121793
8659.65452043098 5596.097496693534 3499.2629115578557 9723.608456024675 5917.120264546322 3554.4724215597944 456.1452200301867 90.30759977892255 38.468543444002755 7.176027740976758 74.26162405922378 31.31304736034361 44.29284647208828 11.397805974457295 3.7341881392827143 0.9032689530393584 9.002456114570661 15.802680605358782 1.1625038835291705e+55 4603.842587557138 3554.4428512970994 59.89336199039312 -0.06539691718824373 0.40408805031447165 -0.17597095138762034 0.36555075593952674
8620.661902090309 5576.587922674384 3485.6105885708293 9681.504407775374 5951.185057599462 3599.0625116757337 456.6364867398253 88.34677862679105 38.63021178008163 7.610815014318156 75.57307534148697 31.31304736034361 44.3007929066714 11.14575767484019 3.7465878692122296 0.9572881328121203 9.15262283765995 15.794591962701103 1.1648095828553135e+55 4582.640994612891 3547.5806388873434 63.033218758494066 -0.06997041993670314 0.40433212996390105 -0.18280713489609365 0.37174620390455726
8636.249595093286 5584.385717908267 3491.4567619803456 9705.160903465961 5938.077891165889 3580.697720402365 457.3691357654945 88.57608887293958 37.80645103031263 7.6667098081860185 74.88781724429668 31.31304736034361 44.36191548377762 11.179591770369894 3.6658667615162885 0.9650470288762093 9.07676920858366 15.803246298038237 1.1659569113033707e+55 4596.640908718568 3544.5222171598257 62.0985338379645 -0.06989991591923116 0.40427927927928675 -0.1759501645277774 0.3689477955098721
8677.122204701776 5601.9080810448195 3501.192550653023 9671.062421202465 5893.467734961876 3549.2064043066703 453.99361155304376 89.63724982324011 37.14070796535529 7.194591011386971 73.95162079459381 31.31304736034361 44.12367712845839 11.315333865388506 3.6086004503920845 0.9058040693194188 8.966151141294684 15.809752613624749 1.1588350314480238e+55 4555.519983748381 3541.6803493391712 61.218277169415195 -0.0645389189698291 0.4034969737726951 -0.16822170547333581 0.36699239956569063
8657.56601912505 5580.444149375351 3485.5893745837 9728.697658855159 6014.151736761223 3641.0425398899424 455.9327887908301 89.30635382161942 38.09331633416587 7.528418629947933 74.73454724989928 31.31304736034361 44.26856458255146 11.269535670334614 3.697490291313926 0.9473902949064438 9.055694276773465 15.803158458253266 1.1601653164093718e+55 4597.954569521877 3540.645164398312 64.85742028342668 -0.06983527130288535 0.4026061559200169 -0.17948667268074625 0.3742579600647604
8680.889315591947 5603.773721313109 3501.1429012022163 9589.546699900733 5809.380467254393 3494.0286497585316 455.9410399702969 89.77433812210863 38.481237274099044 6.744915140879556 74.8048629707344 31.31304736034361 44.24429702265446 11.327430417049886 3.733027658859999 0.8487447784544431 9.062802056135464 15.802225567663447 1.1608237730033898e+55 4588.518068401405 3537.4174477886854 65.46868363025119 -0.06720399546180848 0.40331615505265483 -0.1717738710375167 0.3643580618669598
8620.719932111728 5576.625461499158 3487.5791602609065 9631.69164448112 5924.973573615212 3585.960966574373 455.26489775112276 88.71476941624694 37.6793056114846 7.731585026894462 75.96662284756614 31.31304736034361 44.198714803848496 11.194676105728098 3.656920639653983 0.9727732496719871 9.202874329952914 15.800630758944834 1.1674576659685395e+55 4591.223085660009 3535.667971812818 61.01558888956511 -0.06852291072797337 0.40455776173285224 -0.1769378934640044 0.37230853093486427
8628.483964530587 5566.88933870296 3477.8470082463155 9644.799084176217 5906.586265486338 3564.952954902402 456.7394365986685 88.69890877450213 38.05245519046882 7.549555269629815 75.00391677873935 31.31304736034361 44.32724321483836 11.198245696314185 3.6918945540949992 0.9503847929155285 9.091078386778161 15.807024955623367 1.1621080359406263e+55 4603.077716140849 3539.293814109489 61.58530727769081 -0.06520860164486207 0.40306582506762756 -0.17298537562027066 0.3696243875884629
8605.109156943636 5574.648020750556 3485.613835724006 9555.50674460291 5835.6844761681095 3522.9368272683732 453.41589908507154 88.63885253452774 39.44808102980531 7.189286978653139 76.04503062551404 31.31304736034361 44.0208502117342 11.182869286694103 3.8287305685712307 0.9045431653438124 9.211165728071434 15.80313173430987 1.1680465423374078e+55 4577.184567393024 3525.709135766205 62.75399440466459 -0.06804984700765225 0.4050632911392407 -0.17543779719707417 0.36868131868131215
8675.06454836481 5613.50589385223 3508.927454091903 9665.686714279655 5938.018291064805 3588.537136996301 451.40006131658436 88.52904615082939 39.9680582129017 7.501500587933877 75.89492680719228 31.31304736034361 43.80611680886938 11.16967948541705 3.8775677459335505 0.9438034278550345 9.195371593013055 15.79674883797722 1.168336721954751e+55 4592.09644570608 3540.9199152396195 65.10690792932917 -0.06786921966753344 0.4044843049327295 -0.18328214139984028 0.3712656165127674
8634.212201239094 5572.655543264264 3481.694039247115 9621.053423752786 5919.638600426364 3583.284563007477 456.58681164908984 88.48916610121907 38.00893924119127 7.639412586394744 75.32713762887421 31.31304736034361 44.27239758764294 11.159143706072138 3.6843816590643006 0.9607370518992717 9.121297668528028 15.791055341460149 1.1616795313071227e+55 4603.02283184143 3528.5252231309055 65.30236946976649 -0.06815798118870538 0.4032439738679874 -0.17555747292046492 0.37244201909958646
8638.310925628411 5586.405984779332 3491.5037404870673 9623.910900434552 5875.15346294936 3541.368195495409 457.34049389087465 88.90554054847823 37.25159775596024 7.400792953245551 75.14163549795423 31.31304736034361 44.39576678163959 11.217602956080924 3.615033952918122 0.9311890081395606 9.103705190513695 15.800125765821576 1.1631837410326571e+55 4580.330170456281 3538.8831811994223 58.06557977840678 -0.06385358314756996 0.40418824589056696 -0.17777165649961965 0.36797599563556893
8673.373338187168 5603.9445138634765 3503.1947481666557 9679.095616592931 5932.941712367789 3583.3917864522427 455.954091133984 89.00764895906359 38.02402945415154 7.854077896140476 75.12201449748365 31.31304736034361 44.21980607054272 11.238960282461715 3.6865369825369267 0.98881445424136 9.10648007122873 15.80549669376561 1.1627467401285827e+55 4617.950029267134 3545.661064197124 56.333565143666384 -0.0641530964678789 0.40390222022875155 -0.17221831508712993 0.37021969080553485
8683.024355862999 5613.621928992073 3507.054864162419 9616.008226316964 5835.759292138288 3512.4813013410194 453.5808956742639 89.28908507740209 38.385646170074295 7.129213461470138 74.58573339266994 31.31304736034361 44.0761589545963 11.271418343207595 3.728937240454368 0.8974970530644925 9.042649250895463 15.80732536446445 1.1623183913410485e+55 4594.4809531671035 3540.3687702212687 58.91133144600792 -0.06622559034491539 0.4038978494623669 -0.1710040020120243 0.36527436527436685
8622.761611554966 5574.7427878900335 3485.673089985712 9715.805399364355 5977.5436083093255 3612.252966637484 458.3394718819356 88.62191411038259 37.135250817306975 7.50138855195426 75.2468745570329 31.31304736034361 44.45726474197825 11.175547194131987 3.6008507289068374 0.9434769900549783 9.113462895725494 15.791493496167435 1.1655842706303219e+55 4606.764438119281 3537.6339958001677 57.65869034955826 -0.0622995792262487 0.40424092036995685 -0.1705019185661693 0.37179140772764047
8665.467346552836 5596.0829530937635 3497.3087068691266 9718.3328706138 5917.10488664603 3554.463183903569 456.7720226234842 89.08851252354631 38.63677671439943 7.420840657057683 74.99848863108568 31.31304736034361 44.2415215040911 11.245356492012888 3.7410707932746554 0.933850549534905 9.086850538917629 15.79712261701844 1.1631464276118004e+55 4635.763129717788 3564.259886349793 60.67233170815033 -0.06803933058905648 0.4035914702581359 -0.178272267917454 0.3657482441923265
8560.519808468398 5555.2930181744405 3477.8935281848526 9639.67772459039 5893.539349592984 3554.4999017144582 455.30005554744065 88.27308214883509 38.64680273863018 7.343892383663721 76.18683779829674 31.31304736034361 44.16488032874852 11.138892436897587 3.747666081174195 0.9241500070160554 9.232646764676801 15.797238730954563 1.1720837656943775e+55 4611.768552374464 3538.2245457461177 57.5760849787937 -0.06245822488849251 0.40627130197682454 -0.17465789682045385 0.36873638344226867
8723.670474600127 5634.888152712763 3522.534499331304 9642.037306541104 5935.378804816055 3591.1535625777205 454.8362204321393 88.75077179311914 39.698309764557024 7.446141745424947 74.91059075538365 31.31304736034361 44.09084327618189 11.206661300501526 3.8470017326719006 0.9376336781757479 9.083277451749217 15.805503258460838 1.162354828628808e+55 4629.60114058456 3531.260530497513 65.83244957708995 -0.07123332739880907 0.4037904124860664 -0.1772180380312656 0.3724475905254486
8696.54773506532 5613.562237396236 3508.962673687735 9671.03402004272 5877.6995577838725 3533.445111557501 454.6442105616818 89.74432579372126 38.740731352956736 7.0625633510668715 75.08423328324005 31.31304736034361 44.10317468654003 11.332410483776243 3.7569044694512668 0.8892166436226211 9.102643268030635 15.806758200786705 1.1630190441653635e+55 4612.380597289557 3553.948414738134 62.09850257300325 -0.06780408672765592 0.403489152314919 -0.177310953333081 0.36536373507058484
8653.714703203515 5568.798650319528 3475.8795627387144 9652.6124911939 6001.053074481777 3648.934284133687 451.1204555715784 88.96627946186248 37.9845831179354 7.200930264986331 74.62964123811527 31.31304736034361 43.977296164965736 11.228601048517879 3.70176957416159 0.9062074365131992 9.045753391189235 15.81060677438163 1.1584212847109287e+55 4507.131868749671 3525.6379796505853 63.51178929112536 -0.06622059416074681 0.40166329512249577 -0.17592000947900727 0.3780255643187394
8583.69857995015 5543.517097860353 3462.266819014583 9736.624891642625 5953.80567652894 3585.9341067630176 458.7897363981092 89.16635717788837 36.607189876817266 7.705951467484485 74.71101150914234 31.31304736034361 44.557596387312344 11.250065433373107 3.5542069236471385 0.9696185808857741 9.05104132889479 15.803605424079887 1.1611804264132702e+55 4562.5807139924855 3551.25789061157 63.26065794733949 -0.06458702141953147 0.4033537276229345 -0.17362010753915857 0.36829334052305773
8667.412034087072 5584.412017473971 3489.5280945134778 9589.699687696557 5911.8542832446765 3585.964898273636 456.39581326283724 88.73461834301915 37.773313896282424 7.384333350679254 75.1739753543878 31.31304736034361 44.248463821492294 11.205567791183343 3.6610199074263012 0.929788665275923 9.110397151210547 15.812945229703743 1.1613298153147779e+55 4619.749772810307 3522.9190638040286 60.68695901803209 -0.06679876013831813 0.4026032315978417 -0.169559495690871 0.3739392280317575
8712.168380921394 5636.942167428042 3524.5476906072054 9676.35076780026 5945.994164152853 3593.848128355458 455.34647663598764 88.9663379368928 39.33617293743897 7.808333594590157 75.50074360499266 31.31304736034361 44.138770951147315 11.222151326618802 3.8117986078628396 0.9821691283027225 9.14399205229232 15.792465169894694 1.1643256920836945e+55 4642.708126554245 3540.1131187591122 60.03991965706206 -0.06951289756912102 0.4045545880776987 -0.17477345746283973 0.371405317417245
8636.305837813838 5607.763452796713 3508.9855250937053 9636.96989400567 5867.237186897981 3533.4681224002766 459.8697022706259 88.71910900530824 37.82177701002048 7.242641547533781 75.6841825370831 31.31304736034361 44.479649854225 11.197436957688552 3.657099283932611 0.9117606000017486 9.171984720825868 15.80015848219711 1.171440816136671e+55 4655.306583630868 3536.3355298042334 60.14656954464744 -0.0689100727121936 0.4063063063063034 -0.17361271489358387 0.36665758648868907
8599.355738307566 5568.86574955317 3483.7019061996743 9634.35264740785 5927.62078415452 3585.9743096346792 454.19302752832806 88.79324356124637 36.70860295701769 7.484822196583651 74.58420307173692 31.31304736034361 44.13423369119935 11.202637086298779 3.5659026419882505 0.9420119232331831 9.04025035191943 15.80333340349518 1.1657265100435588e+55 4571.521859618466 3521.3133380851805 59.90031330804068 -0.06781740430559899 0.40511196561863594 -0.1721209558749587 0.37220708446866907
8620.794390204168 5578.6187525058 3489.554407948233 9511.016687162102 5854.144966152711 3549.2394592997443 453.1953863085978 88.44942023173775 38.65566181227665 7.491201931099041 75.36363588546736 31.31304736034361 44.06149637671341 11.159062791924331 3.757111592370883 0.942788089909478 9.134367509362773 15.804568930383164 1.1668842454643365e+55 4557.6375430454755 3501.273811138259 58.42677593337428 -0.0628069758642179 0.4047833935018127 -0.1669970542019079 0.37317140491305
8661.587110447777 5596.089404167601 3495.3676257522616 9655.340222381219 5935.48783110493 3591.219528063455 455.8565366273131 88.67910605805149 38.56527295584126 7.841160757906854 75.34093650738092 31.31304736034361 44.24304390975698 11.190193958163713 3.741769667734482 0.9867276327243567 9.128663888935671 15.802017435371665 1.1623598245208613e+55 4585.183050831935 3533.028234103045 60.32680575431929 -0.06501162956029856 0.4035481697731909 -0.17262233602841578 0.37194127243066544
8620.702918063955 5568.8340375490025 3479.7918592997594 9747.179202599362 5914.461282913174 3549.2017995999195 452.67104844157086 89.59969930479197 37.25739758208909 7.405836716631775 74.96113974552961 31.31304736034361 44.02960478247803 11.311436022956876 3.6226905017483646 0.9322259114482242 9.08634700096438 15.810618698843992 1.1628316511862575e+55 4564.543261436141 3566.9637351069 61.60714564040493 -0.06764650245313153 0.40365523465704284 -0.17587677656267822 0.364126043630492
8673.294034314653 5613.61887935234 3508.9980798169945 9663.256088359341 5967.014694061591 3614.8610795084005 457.7453821098371 89.3362434645203 37.81572996634268 7.012802844719293 75.06304931635253 31.31304736034361 44.37378535645192 11.269889202802363 3.664682741843328 0.8824404871175129 9.094736781810365 15.797486882064229 1.1635486233528341e+55 4615.367618334293 3522.4457820046573 59.074163809704594 -0.06634163981046477 0.4045750168199237 -0.17087111946304975 0.3740831295843411
8661.399175858178 5588.187700929837 3491.40164398508 9681.381760999739 5964.23518465061 3609.517332259943 455.58366685391127 88.79147193428885 39.22928257180763 7.796180472283679 74.68437432702657 31.31304736034361 44.18558112546677 11.21198182216236 3.8035449147116944 0.9816504161048587 9.05499652547876 15.806745386247847 1.1623296695039886e+55 4588.131327572532 3539.0621203789838 66.83023686366386 -0.06836593471409654 0.40309903435886263 -0.17834977805562338 0.3728308026030377
8680.926433149263 5601.852594100335 3499.2127836064083 9631.589729295385 5888.159106789235 3551.796376052458 456.74149789603683 89.390752831654 39.05271588709943 7.437907807093867 75.21179350880466 31.31304736034361 44.24558117886859 11.27694595102395 3.781937273502765 0.9356722027256132 9.111325085784694 15.789708684210064 1.1602022095857024e+55 4633.371586319331 3537.6938803674143 64.18711750390138 -0.06874258421273956 0.4030920905220671 -0.17038893518732603 0.3687653311528974
8589.63721016909 5555.254500054987 3473.979179656265 9684.238715206087 5914.49981712097 3564.9759217267047 457.52827693407977 89.36753894907372 37.358083623484085 7.091949475655777 75.94628665481365 31.31304736034361 44.36378786661335 11.274870631074108 3.621378031120039 0.892114044654549 9.20005476903403 15.791511083329329 1.1668089318121803e+55 4603.610673213944 3553.3627459784116 59.654323507170986 -0.06535548538961358 0.40443840579710333 -0.1807697406183801 0.3681214421252357
8714.123693010763 5609.717127375673 3501.210412370395 9647.485264661304 5909.248797483665 3567.6006733808363 456.85359529694244 88.94111799208787 37.51708042253657 7.2519814054218 74.22632187205382 31.31304736034361 44.319681541011555 11.23094654607563 3.638468636322723 0.9129666871023836 8.999454148836266 15.801930638240028 1.1578931491328324e+55 4603.772764242084 3543.513137042672 59.68916541314909 -0.06405233374895326 0.4017857142857142 -0.1685150267654216 0.36979591836734305
8669.181506847477 5597.914376645095 3497.237682143054 9660.383215908165 5909.109407339516 3564.8914150008686 453.6057055531478 89.70715332691498 38.673266647392786 7.496387890755254 74.5855613949161 31.31304736034361 44.128510845275706 11.316734254515934 3.7610634926307105 0.9431303281974268 9.035988529978406 15.804652396964975 1.1590537223370005e+55 4561.251617651172 3539.109002946562 66.75940315256453 -0.07201863440944398 0.4034103657168454 -0.17596745396472457 0.36902173913043224
8663.458443258829 5584.371169868837 3485.612377709861 9629.006614873173 5885.559659363613 3549.186734816993 450.7649309482978 90.25078962585772 38.63922053879799 7.041107541898466 74.66458994007249 31.31304736034361 43.89023057821565 11.381169484403229 3.76100421424255 0.8855594811325211 9.042004511586324 15.804181971665383 1.1600143793004621e+55 4545.134057962677 3532.122465911725 62.879369782384536 -0.06627960437046987 0.40233497979344146 -0.1691299292191852 0.36859323882225214
8636.195521452675 5582.405663641747 3487.5447229650144 9694.599623035472 5943.290968467996 3585.9255578300317 453.1145191878761 89.01978779141608 38.86426889929145 7.342400797870868 74.86527303894697 31.31304736034361 44.00727774523585 11.236590385018314 3.7734275267924655 0.9241876835973586 9.07476782771497 15.804239245069343 1.1629746904469469e+55 4573.258181606026 3545.7510876729066 63.97521787259473 -0.06883023897844066 0.4038288288288293 -0.1761746614894843 0.3698889791497386
8655.811960079263 5570.841674981402 3477.885794297016 9571.401641649583 5859.398920505131 3543.991282563581 456.1575405938467 89.11457541837619 37.391142699678845 7.222448702534656 74.58723349720893 31.31304736034361 44.30561319931372 11.2496563766958 3.6306334650299528 0.909145061591362 9.041558906613858 15.805315002438228 1.1586990827976904e+55 4561.014537045322 3526.3910621459945 58.24261370790008 -0.061365788320410466 0.4017977528089887 -0.16672166985849898 0.3702687877125582
8680.908853058983 5623.237171004623 3518.656534883179 9647.320952064001 5927.524002655911 3585.9157606855915 453.24197128806475 89.18735411555208 37.20264793515093 7.5472411517506 74.89835386573826 31.31304736034361 44.06112934525026 11.247453036219882 3.6154298236869606 0.9492162223961538 9.071230764558495 15.797525659644968 1.1638798100064619e+55 4576.572647130592 3530.5926003735053 64.79410917601993 -0.07064239640628775 0.40533273582791657 -0.17188107910888384 0.37170068027211234
8688.77867003985 5615.514667652761 3510.912357157363 9739.300500001054 6001.089202965655 3625.329916577239 456.4681868091947 88.53753535919402 38.61843028097581 8.067258909942494 74.88914628326016 31.31304736034361 44.25433525640886 11.17843275620615 3.7428962191162496 1.015757095649349 9.079227822734593 15.806098430097345 1.1640998651996807e+55 4614.147163367848 3544.1374367193757 61.70731393361407 -0.06992655680675476 0.4040743228117308 -0.17471698938706207 0.37223719676550143
8597.360871727342 5566.888419656964 3481.7366426226026 9566.04302136394 5869.833204108077 3554.4517702872654 460.0702635530983 88.6430297454919 37.6556712689689 7.239235666312311 75.78264753029502 31.31304736034361 44.54357541849643 11.180394343965157 3.6446549306680307 0.9103964757528554 9.178004603264759 15.783047906900164 1.1646507920603458e+55 4631.670092765557 3529.4429594159715 61.63479029457032 -0.06454535217324452 0.40497737556560987 -0.1785744673746621 0.3715697036223936
8673.177745830984 5597.982855461247 3497.2804635577827 9623.749483100122 5932.807919205213 3593.8115227398275 457.1525720421426 89.58442079566055 37.39283395681161 6.981681123719299 74.66077199399702 31.31304736034361 44.3841472890453 11.2967381766109 3.6292849043101576 0.8780765049648869 9.043226764892685 15.792072264288905 1.1608607042299916e+55 4588.09844968359 3523.126864045336 63.09288386845607 -0.0652286026329246 0.403229423637588 -0.17500650773123846 0.37343153300600507
8640.248891412115 5586.401354375414 3493.4459723044342 9697.40791033182 5988.031251615365 3627.9961375416233 453.50672728844273 88.73518371467289 38.19310795626389 7.484901048125988 75.3458007031276 31.31304736034361 44.02260974358404 11.201113142177197 3.706302685678788 0.9420739592236872 9.132277213911854 15.802311100489707 1.1628223589103929e+55 4592.22261069185 3540.284154863997 58.31402060152442 -0.06194237082437303 0.40432237730752274 -0.17414800148556736 0.374120194910671
8686.955194352366 5605.867637734776 3501.2358597926905 9605.55242208906 5901.416191543101 3570.251788478038 455.1482502743589 89.10707987521914 38.317249401356634 7.295700496425873 74.87043154868728 31.31304736034361 44.145833601545654 11.247850146105144 3.7153353252987666 0.9183361299326008 9.073321847720914 15.805140542575328 1.1611096554952875e+55 4592.32173618986 3526.898657372891 57.510654139746705 -0.063235985899762 0.4030452306314349 -0.1694872162397506 0.3716862530746111
8638.422243177149 5609.819803945722 3511.0002587107792 9692.290485712818 5875.229173083849 3528.2877607795554 455.0732022443126 89.10600891131438 38.77953308824788 7.444813981516283 75.79097951359947 31.31304736034361 44.126908835175705 11.225705647011283 3.759255252486405 0.9355347325930561 9.17201804184919 15.77786441595587 1.1692055969828252e+55 4579.1750877988825 3548.65433084436 54.203054094012465 -0.05944628200038012 0.4064399909930148 -0.17424778987412642 0.36403033586132433
8620.815558055663 5623.370437350806 3524.5753138981618 9665.925870990948 5901.412644755045 3554.498541369366 458.3244524543981 88.281798138015 39.60223590581956 7.841847221689059 76.91565806156738 31.31304736034361 44.30367737108694 11.129150751104147 3.826973713172079 0.9858988762321995 9.309783848427731 15.779776673561095 1.1766993000301546e+55 4687.32066175378 3543.468257146563 57.69079672264328 -0.06628039809258748 0.40884476534295483 -0.18028549758096252 0.3677349266702953
8647.91774509232 5597.99983589202 3499.2361726092977 9783.912471766622 5969.577934209092 3588.572135472259 454.5171821756143 89.3804928181825 37.87646278977478 7.520648266813118 74.75979899964082 31.31304736034361 44.116072944201996 11.275289234473519 3.675187113786116 0.9462259848441198 9.05674877284716 15.799900912431559 1.1650573695708434e+55 4584.966925065915 3558.4008361055876 62.1837110725469 -0.06874838690607386 0.40463337831758506 -0.17419924617517682 0.3667829353367357
8679.056276517287 5619.406898892541 3514.8038304946203 9650.048930130512 5885.584793621549 3549.201891604085 458.68078972605684 89.48649644187466 37.37452417225074 7.019533463823664 74.40932173623378 31.31304736034361 44.43347973541443 11.293594754984644 3.6193658183532587 0.8836314065128672 9.01809997097156 15.802254391242114 1.1633509059530245e+55 4638.879061056211 3536.53058688581 61.59937587221696 -0.06703217554167745 0.4049753473778641 -0.17718043540992917 0.3677910772578937
8649.821911370916 5594.083161030561 3497.2745213953485 9571.230495828706 5911.796784587674 3585.9300212019944 452.323669558338 88.38480151199316 37.86503323466733 7.269276769401092 75.08665141521837 31.31304736034361 43.93748407715133 11.160500478468673 3.676963584224737 0.9153155088310102 9.103456588277183 15.812187050749332 1.1638942529091773e+55 4586.631504117831 3517.5234466400098 63.60214831115163 -0.07120146732749522 0.40431751742748456 -0.1715323507400721 0.37465715852990894
8640.146117860631 5562.993673363691 3473.953391827763 9613.287862093162 5840.951800425195 3517.6968146380964 456.123611170269 89.88968503380701 37.403226124997516 6.9593661948663925 74.2310436619542 31.31304736034361 44.28012940783427 11.340442679873059 3.629974361706576 0.8757984761702586 8.994938618909567 15.802735611047893 1.1606393518275749e+55 4586.446665671478 3530.30026925359 61.8792816096799 -0.06336772191189673 0.4020711391265153 -0.16479331371049966 0.36592026215182594
8675.110171602806 5590.1943123736255 3491.440080275175 9642.111355598807 5932.799255010479 3591.1811419708274 453.9767825054554 89.0954683427394 38.936578060822974 7.350341103189246 74.79268684694226 31.31304736034361 44.097145790221866 11.247100836064314 3.7809133225159504 0.9253445569379349 9.066266708138972 15.809338814981443 1.1600497357395775e+55 4587.772848807621 3528.465272024724 63.53060469802908 -0.06702444759077962 0.4024663677130108 -0.16910699884695646 0.372447590525447
8675.167168304552 5601.901669219061 3499.2434385156794 9605.422610378251 5867.20949281096 3541.3268929763126 456.2903208234042 88.87185660492845 38.808363730474056 7.687717599222613 75.27992137032442 31.31304736034361 44.224916922829244 11.208090101664578 3.7602777476048095 0.9669022730890907 9.116213853594516 15.791451008101653 1.164165154760002e+55 4621.672960977151 3533.9135722320502 61.56134322086155 -0.06547837744046622 0.40336322869955266 -0.1790517105444525 0.368679967204156
8686.869702193686 5592.196684685778 3491.4758431342357 9776.093244303538 6040.491556160716 3651.5965904474338 456.13600865504554 89.65756366002044 37.15743814374744 7.576301892265239 73.96546602969748 31.31304736034361 44.31456800152386 11.321024978150007 3.6087617653621247 0.9539374535831022 8.967961440779794 15.810759796300887 1.1569315144861737e+55 4570.065824642223 3547.9653234284474 60.46047799824882 -0.06515248769241147 0.4019256605463458 -0.17057923573760272 0.3735230934479061
8682.898962441854 5615.485955324757 3510.8944057364797 9712.999353005267 5953.806089896167 3591.1846256516264 455.3279443569535 88.74827776699193 38.52229014851187 7.747065967829403 73.95964384066124 31.31304736034361 44.17832277842361 11.210741159898987 3.7364554167270456 0.9758285314789514 8.971401788083876 15.810776784620604 1.1617335964009968e+55 4625.843877302 3550.2283528367716 63.239848020694936 -0.0696329086644098 0.40434587813620326 -0.17977896317116462 0.3697297297297245
8601.315867474208 5568.87547005397 3481.76286810917 9545.113725343454 5872.502586246792 3557.103712277378 454.5521476670648 88.258198484736 39.160521368715536 7.647076891762079 76.4203897949551 31.31304736034361 44.113004525991514 11.13232701369804 3.7992930062307693 0.961767132583836 9.25547403856507 15.792024790401252 1.1680915009046115e+55 4581.162812507737 3522.0205783604974 59.3771276716961 -0.06604440067007136 0.40479421076435784 -0.17740356506771457 0.37266226622662746
8634.40152396505 5582.503350705087 3489.550874970353 9608.13851270174 5851.513864702792 3525.6092957810292 454.40813725460714 88.56393675986847 37.723711635651 7.49500870870813 74.93678280203719 31.31304736034361 44.14972087682825 11.175313594377691 3.664077983069731 0.9432934443043212 9.083160369166897 15.80272663211173 1.1635221246931804e+55 4566.3474887658895 3532.374645740392 58.73023980291175 -0.06437441781939023 0.40414507772020974 -0.1740089328881034 0.3669398907103862
8606.958958184878 5568.75107283237 3481.68509268946 9652.530023308971 5885.496957372506 3549.1489234467354 458.4370379896704 88.75851087965918 37.609742669829714 7.6818513094528065 75.63666634757472 31.31304736034361 44.428201137481146 11.201941154700455 3.6437001568551737 0.9667423573494294 9.165299845427233 15.798106516072497 1.1652013041897141e+55 4655.671956165167 3546.606254493886 66.07254808175523 -0.07225176898707446 0.4045197740112976 -0.17932913174872703 0.3676910524884393
8651.743535144302 5582.397469843536 3487.5396039824464 9628.957276738196 5898.655125635425 3564.9192971130096 454.9793095430098 89.4904954468742 38.22707363795159 7.025405008311534 74.26249186972575 31.31304736034361 44.171641011786164 11.301760433529434 3.7101407159475737 0.8848065641474265 9.006853766732398 15.810938635901184 1.1604809799299985e+55 4567.0895372545 3532.8570166278646 64.41515628705963 -0.07053926708397862 0.4031025179856164 -0.17202043934310082 0.3702290076335892
8630.367272385694 5580.465112570296 3489.4926496867097 9623.728978979623 5898.668580405636 3564.9274286563736 456.2876561497574 88.74426794570525 38.93049174564125 7.63420235251624 75.40875997194422 31.31304736034361 44.18153570521327 11.188779842707392 3.7683953854108365 0.9599754785283918 9.129862407833565 15.785986971503863 1.1656919332240193e+55 4637.037345507173 3529.5975968915054 63.7314797742914 -0.07181646614704566 0.4043272481406354 -0.17333687689836424 0.3704309874522623
8684.898953267624 5642.752936938245 3530.3676596149335 9681.55893031037 5911.84129909414 3564.9558100221784 457.61086785472054 89.25065245647322 38.01368323192518 7.296365515625031 75.46135269949816 31.31304736034361 44.34269668849967 11.262739280560142 3.6823760631567306 0.9183025142305363 9.14331347007022 15.80170632422429 1.1678907689300974e+55 4621.85374742465 3543.23742422397 61.345257117381124 -0.06588530403199432 0.40649496080626946 -0.17977408987059063 0.36822125813449896
8646.03149953809 5594.147714886738 3497.314878778228 9673.722265770668 5930.241139315086 3580.721077479294 456.24141730718475 88.88241178912563 38.72552103679946 7.682250451963004 75.52067125848204 31.31304736034361 44.21184372681748 11.213133409692963 3.7515070086991402 0.9665740387997399 9.148901292737094 15.795455214792623 1.1665949828701985e+55 4623.318144645359 3537.93794891741 60.143377158398984 -0.06664157627876789 0.4044994375702969 -0.17530746016948207 0.3701492537313435
