Ha_FWQM_1_4 Ha_FWHM Ha_FWQM_3_4 Hb_FWQM_1_4 Hb_FWHM Hb_FWQM_3_4 EW_b_Ha EW_b_Hb EW_n_Ha EW_n_Hb EW_n_OIII EW_FeII integrated_flux_b_Ha integrated_flux_b_Hb integrated_flux_n_Ha integrated_flux_n_Hb integrated_flux_n_OIII integrated_flux_FeII L5100 sigma_line_Ha sigma_line_Hb v_peak A.I._Ha K.I._Ha A.I._Hb K.I._Hb
8310.760230158297 5324.567123113982 3318.8569645715643 9294.453202832523 5849.729303929606 3615.384762796703 490.54994273894914 90.47520242341947 15.438117242925992 3.443163356793645 76.62670380804367 32.14116714398686 48.43254971787348 11.442701819634909 1.5234496544011642 0.4331225057380336 9.30796279991087 16.110542411160196 1.1474503762954845e+55 4117.290959014626 3518.6440489251922 15.651924175389132 -0.02088513861567143 0.39934456928838014 -0.15405013420066166 0.38898305084745594
8343.80196248646 5342.056467472099 3330.5173606380886 9228.781101940707 5794.571804262616 3586.4907497158088 491.7192576583418 90.03423419236739 15.949881533239221 3.3845122084904866 77.39025796335996 32.14116714398686 48.50881505356364 11.38638316933305 1.5726638069006653 0.4255703680476312 9.399500321442087 16.100566197855567 1.1480985402382833e+55 4132.500013401976 3551.5079679859273 16.733828261858978 -0.020534334876078912 0.3991606435066433 -0.15943455383156713 0.38862019914651685
8231.015075577883 5268.160913416414 3279.955428367809 9181.572721375282 5823.485357738116 3604.8897187441744 489.9763884532136 89.94687236454477 14.671688197333097 3.5475399483930605 76.60841416045383 32.14116714398686 48.47262164727726 11.370096066566221 1.4507326226631334 0.4461687603076463 9.305754297021952 16.111662528205002 1.1479418649520412e+55 4080.4728756675863 3469.7957877029617 15.056263119588076 -0.01807156815259652 0.3984873552351658 -0.1552372273111605 0.39262224764083864
8332.146760933345 5361.521473997693 3346.0874220885207 9362.703054371377 5868.0990820302595 3623.2558090388975 491.40091111941797 90.90932191223136 15.276485552291183 3.4190972149410093 76.90072931185253 32.14116714398686 48.4737593582167 11.497271020232706 1.5061301831175493 0.42999714610017276 9.338319130007886 16.104840745711364 1.1467254857747337e+55 4174.520733484354 3550.9115500849193 16.115995702981266 -0.023627310191153897 0.4015876721923824 -0.1534365749505101 0.38698822209759454
8322.438633355932 5324.57095359871 3314.9685440015483 9318.089872015918 5873.363494984289 3631.1406855446426 490.4311930768045 90.2838639466156 15.189644186794844 3.3460226002895173 77.10540810578496 32.14116714398686 48.38652393799285 11.414334584803454 1.4978670520304025 0.4206993538573075 9.361134179652108 16.105296202850305 1.1475825943887259e+55 4118.702943775353 3530.1419495826394 15.4362652436601 -0.022184573930532487 0.3983169705469878 -0.1537304997792211 0.3896872358410796
8295.121267759558 5305.06465693722 3303.2635817672463 9614.682726972624 5910.06303069782 3575.9688351001187 487.2291951236918 94.9415369767349 15.04620189537641 3.2602463869888716 70.34694194921467 32.14116714398686 48.20721337608905 12.003381957523894 1.4879520638808987 0.41069459981553863 8.551296279596473 16.133590761274395 1.1404714698159144e+55 4066.145144141338 3509.035277431042 18.389097652446903 -0.02082543197672437 0.39821763602250865 -0.1281181738369135 0.3719279082468574
8369.059537756903 5365.380335921311 3344.122116551449 9283.881361474463 5878.566280639502 3638.9874341073073 492.4555594827882 90.38402737726851 15.66428831306105 3.4853181809659395 75.6911359613809 32.14116714398686 48.53600097650309 11.445444176446102 1.5430477635702586 0.43895933637229284 9.203119164608202 16.12571844830928 1.1469180535871536e+55 4162.332488974234 3511.9219827371103 17.90040252465896 -0.024940559576936448 0.39958158995816506 -0.15616321404776412 0.3919683257918501
8338.020403837734 5345.982284121864 3332.484589774588 9331.238386318644 5918.011064367511 3667.9065913581617 485.3565211644677 90.58895741247713 15.43187338354887 3.415041274631903 75.57755775421552 32.14116714398686 48.085425811740976 11.473686018895046 1.5281130251558497 0.43014805440101095 9.195415297024066 16.130704127311056 1.145755420421667e+55 4079.2707361041594 3541.9722255855972 14.769770943675347 -0.022688760431482664 0.39967335510965507 -0.15167687745107994 0.39307822172199613
8365.26498836734 5369.332876254384 3348.0514058093436 9241.979160267325 5831.373782657316 3607.5225472179873 490.372802576062 90.27583524477498 15.75219672199115 3.3347309736069333 77.0565315375773 32.14116714398686 48.38664967509475 11.4215842560237 1.5535237399317066 0.41961470343352913 9.363386159959857 16.114278653345323 1.1494507288864255e+55 4143.57345489063 3511.5394611475804 14.452015430336592 -0.02090410781840184 0.40023255813953446 -0.15686427858488172 0.3903409090909094
8320.494904250294 5332.353643336451 3322.7508291932318 9394.232818725573 5923.250206552528 3641.643633195146 492.13727711541895 92.56857060407826 15.43027571074374 3.253582482340104 73.71090499393036 32.14116714398686 48.522250916985975 11.707573664676126 1.5205549207921418 0.4096830134180599 8.958337975580099 16.119427776603708 1.1445902187957526e+55 4141.079603210143 3467.1229885881744 15.375918177625689 -0.021377267852951378 0.3993453355155469 -0.13422127005642356 0.38764673001676503
8283.506585919977 5308.992360961813 3309.1227577853165 9328.56509707146 5941.610699316794 3699.394377082333 492.1029497824842 91.12533167757199 15.308298813222514 3.4705283624888508 75.6789593161561 32.14116714398686 48.58278590938265 11.548168186318398 1.5105499317211821 0.4372682399150984 9.206432679157443 16.131898836113212 1.1434902081140322e+55 4116.005934289731 3582.0129822145664 16.30358095544218 -0.021437371948774372 0.3994833255049318 -0.14547792537529539 0.39656628201519367
8262.121705606507 5293.43846502361 3299.401557030484 9252.440502691248 5805.092494736178 3586.5021925868123 492.08880382280984 90.38729760354256 15.136419674734087 3.361566958762385 77.37230593129172 32.14116714398686 48.59956928080961 11.423201617017767 1.4941394939919543 0.42249170481267595 9.39176546690667 16.098690027469377 1.1474545615501882e+55 4119.552274211832 3531.8590065968674 15.777379405441446 -0.018162657176609857 0.3993407110901765 -0.15125049242825478 0.3876276958002172
8365.210438812624 5369.297863051815 3348.0295733015164 9249.795529115701 5812.956940523001 3589.1202067275744 492.93056318027374 90.40387748292328 15.810719429511 3.5718466913110185 76.69641595273703 32.14116714398686 48.55828408597862 11.423488575984491 1.5567010831855403 0.4489094753829376 9.308034558027934 16.09270285163938 1.145428068802303e+55 4153.475033865767 3514.756342379269 16.406855684945235 -0.019461937086426757 0.40023255813953473 -0.15193039386758592 0.38802157252342
8199.83174183771 5246.725078941008 3270.205731442319 9331.164798814933 5833.947153338962 3596.9881188453546 491.109310077067 89.77923011353406 14.920068148007985 3.4250112825370747 77.00808837291932 32.14116714398686 48.51926996838361 11.350918611953439 1.4733035065415503 0.43054845989478846 9.34820856329164 16.105297960218355 1.1484255010428954e+55 4085.2546418552956 3556.6571516452977 17.13386141247493 -0.017133798126385037 0.39881376037960203 -0.16358305290894934 0.385481148002249
8320.479369368999 5332.343687500739 3322.7446254108627 9220.929027453938 5854.974866521257 3631.1346369500907 489.9651629088755 90.38478012718467 15.75866604570566 3.4155520094534837 76.85538950596106 32.14116714398686 48.39982975034082 11.433923830077473 1.555874835976103 0.429724630528402 9.338661883976762 16.112723214778168 1.1475338940579052e+55 4098.314655911691 3511.764622556115 15.93562062653823 -0.020337822716580047 0.39934533551554857 -0.1523120764494283 0.39379271070614796
8429.365608719036 5408.178258074979 3371.357165915076 9220.86754229919 5833.931571465997 3615.3572339823118 493.0483911675844 90.10881928629081 16.364509415237514 3.454969070366737 77.21084805839448 32.14116714398686 48.53861322785896 11.386703524404496 1.6101790739639064 0.43415902943188245 9.37047702283769 16.08763580125555 1.1479694582603183e+55 4177.035289889722 3522.9077901536575 17.934530480557306 -0.02764612933005362 0.39995384260327543 -0.1614317881769619 0.39208428246013344
8374.925551865814 5369.290249279829 3346.0794307106 9304.918782480892 5910.0937300690275 3667.881359798488 492.18403284951717 90.18864793314818 15.54293707966037 3.6035958762607647 77.11938135561326 32.14116714398686 48.45780350115451 11.409620525970377 1.529456981511105 0.45327239365209754 9.366194773122896 16.10314378487816 1.148105239059927e+55 4165.282484057229 3552.1121202572026 16.831944136238906 -0.023401824122263867 0.39953542392566593 -0.15816150498599935 0.3941873589164796
8295.227277637923 5318.750322950815 3313.0328456420175 9247.227013978303 5794.613861399801 3586.516780549239 489.5991267149867 89.85664730782852 15.77036589234026 3.2112779114735606 77.51354385775038 32.14116714398686 48.38655804759663 11.36926169021394 1.5577968644660252 0.40395143324484234 9.420068337184713 16.11003228547461 1.1486794096413556e+55 4102.83451249924 3560.1481230909703 14.558049068944898 -0.016793477028251524 0.3993902439024441 -0.16246357546402687 0.3878478137421937
8371.006909039697 5377.053938318735 3353.8498515418196 9160.483524925938 5826.057019722139 3617.9840347801915 491.38135840801675 90.21509856194037 16.057030773599923 3.4454171921797054 76.78941323066546 32.14116714398686 48.43383870894035 11.409828098327097 1.5818642611799065 0.43339282240369525 9.327010986331814 16.10660833863492 1.1467092346302097e+55 4162.28181826507 3495.5282600334426 17.829382076308192 -0.024109995038917902 0.40065070880780884 -0.15571934660341605 0.39495557466323183
8349.720510152465 5363.508724718156 3346.1135315616248 9215.744293621377 5818.259075403119 3578.649422280907 491.66229866445775 87.11484362162585 15.904366673526088 3.506180744762533 78.70473523198893 32.14116714398686 48.471872950474435 11.019917474046647 1.5671557578562474 0.4410413985702471 9.562236339940402 16.109873165735195 1.147867255520856e+55 4160.528610138238 3335.985282433942 13.776845129509327 -0.022236866777299504 0.4007455731593733 -0.17435329641422362 0.38831908831908973
8264.100481729518 5289.569023027917 3295.5240621586036 9331.244706177848 5939.01956257015 3686.288004353896 485.6775026240835 90.36577071405608 15.016703412248084 3.499050042112294 76.07004283396289 32.14116714398686 48.19846224641129 11.446687915290658 1.489531776181586 0.4408154387820363 9.256042674410123 16.139717524196232 1.1495139857833187e+55 4048.0894422127612 3525.773966916386 14.566737572200765 -0.020202733242646962 0.39877589453860485 -0.1536562106479884 0.39504783342712585
8357.429953091661 5371.243971249074 3351.9208121920356 9265.550025453467 5826.085436803979 3591.7462269256102 494.1050586812403 90.49436958714739 16.17659537239454 3.369003190129407 77.30848163716033 32.14116714398686 48.615225680556726 11.428633432365306 1.5907795609700106 0.42318280875464087 9.375808199418074 16.086020216007565 1.1486296914727701e+55 4189.935534543366 3509.9725329911416 16.367206180735806 -0.021960672648840728 0.40107076350093257 -0.1664323943115328 0.38764522527628636
8269.822726246712 5308.949945877985 3311.041703145542 9233.971665985355 5789.282776086928 3570.714093187373 487.96596757999276 90.32815582038107 15.220481704054057 3.4854251377461756 76.52727525456729 32.14116714398686 48.28993181101349 11.424635123197941 1.5054883573364746 0.43854931503160544 9.299077384841349 16.11874921618836 1.1497715251639783e+55 4080.127060475756 3497.6455474934205 18.698579831639996 -0.021776230842168436 0.4003763820277524 -0.1536805151067384 0.3866932044355957
8336.032896145889 5349.846082707356 3334.413158458331 9226.169412452471 5805.082689508371 3602.249412033233 488.78683366057413 89.49232170969798 15.542134934920215 3.3474479752780693 78.44385798526943 32.14116714398686 48.31420244496844 11.328743897757928 1.5354967305122664 0.4211341169325586 9.533191547991976 16.116220780270737 1.1514011699388094e+55 4114.512094320308 3606.6986673767947 16.283724248845626 -0.022349730101740118 0.3999999999999971 -0.1633587932769286 0.3904382470119519
8330.109273848919 5340.063044538791 3328.5420288546484 9291.710549104415 5886.412842919409 3646.8454232003173 482.4609030323522 90.54137320739687 15.57524531720786 3.417934455956566 76.15650753386772 32.14116714398686 47.91578625283265 11.455939749904013 1.5461096026537613 0.43012811021157765 9.25875458143357 16.1253794098196 1.1474107581379847e+55 4033.3017508251596 3521.209094128845 19.42991679981844 -0.02438293999808055 0.39957963568426264 -0.15476351623392617 0.39248375247244655
8277.709779333123 5303.181400343623 3305.247688622087 9444.134062121799 5852.3699817819615 3562.8829364190615 486.41119815607755 93.83735435148391 14.922072910080855 3.2666699540338464 71.07912372128501 32.14116714398686 48.22635266871917 11.867505384996388 1.4787614542649918 0.4116184107727491 8.645847952326521 16.135163790771955 1.1426108766586148e+55 4052.9350807173505 3473.948624011423 14.877115730510148 -0.020751811724824758 0.3992949471210342 -0.1251876303470348 0.37725882680011363
8234.95815856522 5264.303514547026 3278.0308285335277 9412.681479957424 5870.782646913482 3602.287026639192 490.62251875196705 91.17597110387173 14.802573821681904 3.4389646098985187 76.31724133269731 32.14116714398686 48.497057658628215 11.527633845816698 1.4624897314642313 0.43261849592628454 9.270161975899207 16.11253637651457 1.1507260052822829e+55 4070.198420264301 3515.902543798996 13.153468292055605 -0.017378141139643026 0.3980628395936696 -0.15000767494747055 0.3827057182705694
8190.190637722876 5237.053015855117 3262.458360917116 9525.554528361621 5925.903134099321 3612.77922575126 489.0652778195247 93.21830721733056 14.110947834646732 3.5230506106224584 72.91880708226427 32.14116714398686 48.452640249445885 11.781709608529688 1.3973250942026938 0.4434068821816332 8.859017668901702 16.12329969540236 1.1442466167548693e+55 4050.2036889906785 3498.0310641339443 13.991158948897453 -0.017365422176739462 0.39833729216151426 -0.13544236724000985 0.37927232635060587
8268.026588293245 5281.809926403783 3285.811037088746 9617.471929582518 5970.551779380482 3631.166715427942 486.7572407523791 93.72485507813248 14.874037690620847 3.5352666677264226 72.6163529897324 32.14116714398686 48.233768404441854 11.84232599341624 1.473191464696619 0.4448409826908031 8.818610657450371 16.122698748501804 1.1456639446625858e+55 4046.835118227251 3513.482722220888 13.287309426479945 -0.016316926167305186 0.3974117647058789 -0.13615702465129093 0.3775593775593756
8244.667083648741 5274.018986260415 3283.859848324535 9157.980655305937 5826.1350556546695 3625.909198674716 489.2933714244243 89.50169954287112 14.058035691526696 3.5441877663131587 78.1888676864378 32.14116714398686 48.407774044731525 11.319660484075357 1.390141026908451 0.445590292257337 9.496830548118014 16.10624268042097 1.149895233623454e+55 4069.4224539820043 3568.563434356488 13.814111952006533 -0.018953769890453172 0.3983010854176586 -0.15927160104569404 0.395928899082566
8310.774036789553 5330.412186517626 3320.8078840823646 9278.715306984614 5826.109017034265 3597.011876222122 483.83091878604756 90.64680874090922 15.323632291448668 3.3998007007183944 75.22004615007184 32.14116714398686 48.007971856493356 11.477595860599735 1.5197464125696099 0.4282323469317843 9.15236646437624 16.13481640088722 1.1447691880180672e+55 4058.701930717168 3510.397063158116 15.15390621937407 -0.019393643494003836 0.3995786516853959 -0.14757320217130082 0.3876627051499735
8299.075343656219 5310.941323999405 3309.124978799651 9207.796159089019 5776.2051753623 3578.62166091772 492.8069161192525 90.35611891228133 15.710870070875222 3.3048485824591607 77.76294232247322 32.14116714398686 48.59055818300365 11.42194240923025 1.5482856737959927 0.41534971950488836 9.44128996118452 16.09238383278659 1.1476477579308199e+55 4151.353726698703 3553.9516780216068 16.102377439670025 -0.022376873415860875 0.3987341772151922 -0.15995908935882294 0.38865126889079327
8337.936117424506 5343.982854541562 3330.505514006185 9354.773856215903 5860.18951643953 3615.358854900189 488.37187067350413 89.82103371790369 15.88133926867368 3.4108634130667936 77.80778987042336 32.14116714398686 48.28423659160929 11.361364073896853 1.5693637637268507 0.42899591426230876 9.453976015359515 16.109615973901636 1.1500969020447643e+55 4092.4155674098333 3555.055540489058 17.800128856959454 -0.02460133741147287 0.3994400373308377 -0.16509706997145723 0.3864720740948661
8357.44445689856 5373.198694123255 3351.9266292449 9362.7114568747 5857.602148145772 3607.5057604447547 492.51315203453044 90.84093931092939 16.43737490463933 3.526633223225318 76.13194893635477 32.14116714398686 48.52115895579137 11.487508629470486 1.6185095216562837 0.4436228162129033 9.24429937600291 16.107393574331795 1.1481830114483854e+55 4173.71832341812 3520.2938851632866 15.846963167660075 -0.02337569552242748 0.4010707635009275 -0.14994211318886844 0.3853056646102122
8293.209319303198 5312.8676169404025 3309.1130781456213 9462.440266333106 5912.7123972758145 3620.6174049037704 491.5570595393758 92.14992903669201 15.628925072324222 3.432112894339037 73.96947135766708 32.14116714398686 48.505505509148485 11.644858007825768 1.5414419575945304 0.4317404278035928 8.982897762971172 16.108100577470882 1.1431343099978083e+55 4113.509292200296 3495.929799512328 17.180467484119692 -0.024278904297136084 0.3990147783251244 -0.13834482763563583 0.38263041065482317
8215.425899235079 5250.6356860135875 3270.218076394606 9394.213192171404 5894.356796094187 3618.006086867581 486.507421614112 91.8787026325625 14.94636868773282 3.5295901305198365 73.31714056387592 32.14116714398686 48.26055955780862 11.619476593826827 1.4819339322871705 0.44434867226516495 8.912058507793416 16.12877543861834 1.1440132378637902e+55 4043.416462737524 3482.4584324303964 16.002216380043677 -0.017740981476194358 0.3980582524271918 -0.1437672133238212 0.3851313583007269
8497.410798392 5487.911140628176 3427.755912721327 9202.441834757192 5828.6507484054255 3623.2153300898067 492.6276141492088 88.87812157095475 17.252791361905313 3.4565676115135435 78.16916335579555 32.14116714398686 48.394255165458496 11.259069855911296 1.6939219076938796 0.4352026319084882 9.503083157204179 16.114685342041412 1.1518184462817566e+55 4238.684694705773 3585.1262907138453 19.46509162265097 -0.03084136827240008 0.4033882783882798 -0.16533035856653683 0.3937232524964289
8314.65933201263 5324.572436059505 3316.9148715679203 9247.20249830264 5836.60736903086 3607.5117071742534 490.1929312918836 90.1474306933455 15.21730544011769 3.1822783650562942 76.31075568159419 32.14116714398686 48.38501672722161 11.400292555051797 1.5012798197903823 0.40032743591558173 9.27129424821967 16.108506214273056 1.1475814094310292e+55 4125.7882817697355 3498.7408433107885 15.35280167493869 -0.02066041588210823 0.3989237248479108 -0.15374177495799576 0.3901192504258911
8246.64654179594 5270.149913122252 3279.9825594404265 9200.027720143804 5818.28237095849 3612.7962736637674 489.8800619757796 89.48799083072922 14.491338063536585 3.3939581398568985 77.19206993177464 32.14116714398686 48.453768907258215 11.33408077514031 1.4326308410097075 0.4273889482835124 9.389477609593126 16.126137233389723 1.1491490861976394e+55 4081.4719614037967 3560.223909553339 12.57657013914259 -0.01581359641418495 0.3977353149327675 -0.14645227142275494 0.3926940639269396
8322.323804079326 5338.115128189209 3328.540446185074 9302.208200700954 5828.648660896493 3602.2098931306286 488.64013840385644 90.2631015856666 15.994384854340764 3.436799484201546 76.90134833151473 32.14116714398686 48.31043077782542 11.424860016963677 1.5805158555614047 0.4324953912308916 9.346330767255102 16.121126564168677 1.1473953838240009e+55 4096.427590153106 3560.425403536218 19.572454175377786 -0.024863071588509107 0.39995324918186126 -0.15999863715228965 0.387242449901217
8283.528124587981 5299.279147810603 3301.3497481037293 9215.690579604854 5847.106245236488 3633.765174408252 487.9854096251478 90.13854379112547 15.434793196184636 3.6097687586803513 77.44322218316277 32.14116714398686 48.282322675826094 11.403957765504305 1.5263987329322894 0.45401896321172097 9.407588964483839 16.115038141506194 1.1475430381910423e+55 4078.026966886179 3557.534517838263 15.524106828711881 -0.02198964822066578 0.3985439173320772 -0.16076738237762608 0.39430199430198953
8326.33328565394 5340.136651663618 3330.533314261626 9331.221948311359 5933.753968256539 3688.9045687612443 490.3258720690882 90.31061389803017 16.064367298942468 3.6695743604135527 76.5704552524082 32.14116714398686 48.34626872386211 11.432563644621318 1.5831284615902572 0.4618931243299664 9.306307983325743 16.11572656842404 1.1466884147572817e+55 4139.507875968802 3560.703137302887 15.297862458259427 -0.02055904935104195 0.400000000000006 -0.148090381519985 0.395329206527856
8219.338753932947 5256.48599127257 3274.117662217507 9373.233952689008 5939.00705909878 3667.901353475262 489.6184240705045 90.65532916599474 14.62454665932084 3.5003744843893703 75.99960679688724 32.14116714398686 48.39523930285693 11.456948030192956 1.4448069521262992 0.4400970997257921 9.224924187424577 16.109123855676216 1.1460922225099638e+55 4092.4566549680767 3500.353854849655 15.197862668190249 -0.016739070229610926 0.39834319526626694 -0.15673382231712232 0.3913165266106485
8324.385683710505 5332.353624456691 3322.7508174287423 9194.690669283416 5755.214719323059 3562.8769954933473 489.80564146213123 89.40949675861445 15.379116916236557 3.415412244421476 78.15543737652746 32.14116714398686 48.3363469683602 11.312102040515102 1.5169056060469472 0.42956246436028633 9.49619418801798 16.1043464158794 1.1497412782731887e+55 4126.90561811318 3567.219745500193 15.376979566170727 -0.02283738549698137 0.39915868193503284 -0.1636883222367008 0.3874928612221621
8406.112186223036 5408.236953876427 3375.2845737322577 9331.241148548383 5862.876050846554 3628.5242732959414 496.01396559796297 90.43686847141906 15.957810636990917 3.30357997707063 77.41844740830557 32.14116714398686 48.70901723836635 11.439578526618796 1.5662208870440653 0.41547355216653614 9.400756259986542 16.09567912374397 1.1460129723148635e+55 4229.44581149944 3560.225389237999 14.681030861143979 -0.025239656171859415 0.4015274242073627 -0.15617755530027685 0.3888576252110271
8312.711434258385 5320.680031054582 3314.96847273018 9257.701939233048 5833.980064939202 3618.012839552754 490.7365911473818 89.79445832091238 15.448125550521528 3.4348334091702193 77.9127211697422 32.14116714398686 48.39491127893948 11.352343598006216 1.5226789307907689 0.4317207429694948 9.4551582819238 16.100437141816222 1.1495333340986035e+55 4127.959123512341 3557.6509112495796 15.442710402994678 -0.02074311941639171 0.39878305640064887 -0.1579230187381611 0.3908111174134958
8308.787012617704 5312.87692143735 3309.1188734401185 9331.179689891247 5944.229267842936 3683.636776847915 484.45031807257953 90.2566433461075 15.692263855052522 3.6027659988990064 75.79898089083234 32.14116714398686 48.06778431543208 11.419512141399194 1.5562602236168885 0.4534738646645939 9.215096760396712 16.12683591002657 1.1464139250822374e+55 4039.5069001434113 3499.216221246985 16.65546698614345 -0.017292622884969768 0.39826738468742773 -0.1505091301578916 0.3947664603263949
8246.571113138365 5281.774138280403 3291.624987834473 9192.066907287142 5820.854708213548 3618.0143382581577 491.83268967555694 89.63824418553673 14.544251713032594 3.355667483728037 78.47164739080384 32.14116714398686 48.58909396651661 11.339859054303911 1.4361495212248598 0.42195352621230114 9.530996964970788 16.107991907261322 1.149317542352601e+55 4086.1558149725192 3580.4798777300825 15.318532451926227 -0.020065227541700703 0.39915074309979387 -0.16225338489909497 0.3936018280491328
8277.65567264673 5303.146736459441 3305.226084095591 9202.5225245467 5836.578479905076 3617.996016783187 490.1613354618688 90.13370447565515 15.188445001622435 3.4113531350949695 76.44255383130977 32.14116714398686 48.41668148709453 11.40701258265431 1.499522404750955 0.4293927408867988 9.293139172502404 16.11721679833694 1.14852723927009e+55 4096.3018641434965 3508.2953950368865 16.836591479295016 -0.02369720861749306 0.39929494712103253 -0.15205966186524855 0.39315263908700976
8338.00513030242 5361.535730077803 3346.096319206753 9213.071333310312 5763.092498323263 3549.7499124069022 490.99326143264165 90.26212358338577 15.581656248916891 3.3146223347768546 76.63923093806424 32.14116714398686 48.434062296523365 11.4154970584657 1.5362581606159458 0.4170535858509741 9.309534635658768 16.113959742592378 1.1508721068703809e+55 4139.650894457623 3491.2395410831027 15.318901899097991 -0.01795277664909708 0.40130657956136206 -0.1456566365367793 0.38529495582787976
8335.987578565591 5353.707775078789 3338.28580742554 9562.187344778084 5896.944749141042 3578.6000414421637 490.50915828177324 93.84309726147839 16.117122516381933 3.506435337942945 71.88083329145022 32.14116714398686 48.40489546792173 11.851978464773458 1.5896754056954205 0.4411699721665259 8.726232640723202 16.111957343369593 1.144005348205597e+55 4128.964657371539 3501.2853552624956 17.913412015722628 -0.022824423805145107 0.4004667444574063 -0.13119735414354378 0.3742449203734164
8244.614879639568 5256.476971398271 3272.166641706848 9312.830190529961 5857.6047801162285 3612.7584838368202 489.50319040785223 90.4867733635047 14.698483328709923 3.454476275354057 76.17208614330634 32.14116714398686 48.41992914166278 11.439829498339577 1.4532192754766315 0.4344975995804868 9.252056413649367 16.112897940489887 1.1475606010927576e+55 4050.830726065434 3501.431757189337 15.712265865555786 -0.016390340943189002 0.3968853232656876 -0.14626429123116616 0.38793346489991465
8328.27169706226 5340.132167352427 3330.530517489016 9165.804295686241 5818.224668931752 3623.2626548401886 492.4197552634143 90.15307909288428 15.58297243933255 3.3756849950597494 77.50554293674296 32.14116714398686 48.53545052671017 11.408737477419521 1.5351450606944839 0.4246021023253497 9.413488444540963 16.10668754854765 1.1468307087507351e+55 4151.657017541905 3591.9005541512142 15.5495964771841 -0.019290424214821952 0.3999065638869391 -0.15481398725605855 0.39530220567172997
8269.874708040865 5299.256340791175 3301.3355397659666 9367.932328313847 5925.847327635769 3660.004951140517 487.34144342393034 90.72807681359585 14.99403879505241 3.4565206975513045 75.51513997074262 32.14116714398686 48.29298458952142 11.481821913142253 1.4851073313718304 0.43523600063964923 9.18055395500355 16.133259624008723 1.1465122812677987e+55 4068.584103148446 3495.629181837427 16.814285771468008 -0.02222934086334404 0.3992001881910075 -0.14266488426179608 0.3906950672645698
8347.76503735299 5361.556849905517 3344.1640874410937 9320.755790333209 5844.507715290623 3607.5263256105973 491.1290647453782 90.64597912790944 15.761035520064942 3.5338850019766395 76.13983639782845 32.14116714398686 48.4627346293431 11.467557462326145 1.554437063570657 0.44465846067276366 9.25234457887748 16.11127325344283 1.1458743327581742e+55 4125.544900822692 3526.534081510756 14.13803845595239 -0.018523124952747175 0.4006059193661135 -0.15315238164045678 0.3870422535211204
8295.149532837619 5318.700474385128 3314.947186668679 9396.79594016209 5902.206558671246 3625.86621776028 490.29681750054596 91.15205487803946 15.543760762334573 3.4531707313359234 74.97774516948793 32.14116714398686 48.395270915235905 11.523010208779766 1.5334856439875586 0.43446623220410197 9.107931303524369 16.110500084548182 1.1486426326683697e+55 4121.857522741174 3490.782130884221 17.367637301508754 -0.02183268372109724 0.39962476547842246 -0.1502836837294833 0.38586197261805555
8295.17753009993 5305.100638973367 3305.231384530871 9339.06565271883 5881.222114728776 3618.001818792921 481.5416661097671 92.22168460151414 15.31959429855119 3.35753458023989 74.02705399578117 32.14116714398686 47.8336611309115 11.663109900400643 1.5210304614056835 0.42267092827263497 8.998882909608893 16.130696578890085 1.1457289035291077e+55 4035.6650370069715 3472.425266816959 16.355855443793992 -0.022959324264142426 0.39845215759849484 -0.14209651306530344 0.3874051166713484
8269.880159260552 5291.478248221248 3295.5015266495793 9228.784708302963 5810.327328442202 3596.9943244310116 488.76645643574506 90.33192305603829 15.270980606900533 3.2679825361763624 77.00692234453787 32.14116714398686 48.35348326550099 11.426779719366051 1.5100052468206657 0.41111610372781837 9.357992691950404 16.114121655135882 1.1479555120570131e+55 4080.830642051818 3525.293161489943 16.61668387936625 -0.019171472543528984 0.3984944718889669 -0.15440288366757737 0.3897581792318618
8349.658864630572 5355.687524307521 3338.307225467383 9236.680644617347 5789.335082825798 3578.623001311368 490.8002006796081 89.68903335078909 15.265014476535962 3.624634783967638 77.73053460817076 32.14116714398686 48.43095792242533 11.337916461340368 1.5055421439278212 0.4556281354660777 9.436026214276858 16.10161705677835 1.1477879746060095e+55 4125.0388506332665 3536.6213484391974 15.99009445064463 -0.023195780380668815 0.3998136067101569 -0.15453012484152912 0.3874360432063657
8266.061657149847 5287.633698313356 3293.5849342326383 9310.257973402811 5870.766167097721 3620.655878545578 488.6257377850527 90.89097548830753 14.95333774320433 3.4156141467059737 75.57919365898128 32.14116714398686 48.31019969688177 11.486640282394099 1.4777043152146538 0.42953864512252254 9.178539056777955 16.10646711907626 1.1466513309311293e+55 4077.7972137630873 3484.1796129339755 13.994975801665573 -0.014258853850838298 0.3984466933396033 -0.14879214581141242 0.3888888888888932
8324.341837701473 5336.216326435018 3326.624104339749 9352.174659085513 5886.461422142013 3625.8711971356715 491.25004091977445 91.05143935288537 15.344487464834913 3.5121677957020423 75.9407524921534 32.14116714398686 48.506157426171676 11.503600159586766 1.514351464445195 0.44150096271218336 9.217548183926336 16.10157172905025 1.1464771811750727e+55 4116.773206145533 3498.967933403493 16.955958375092496 -0.021817003044003015 0.3996260808600215 -0.14951404706498317 0.38770353733857893
8301.04400705557 5310.956207935707 3309.1342526368508 9449.373039166516 5868.11579398084 3586.5083555158035 491.8559543722128 92.10370061253766 15.106322744499598 3.2087264178617554 74.03027728189473 32.14116714398686 48.52386393943863 11.651451327538512 1.4895596486005767 0.4040088724728482 8.99737174064561 16.120544994883314 1.1453081970875705e+55 4102.379912250407 3508.2913491976215 15.262252890489235 -0.021011490454772016 0.3986407311928732 -0.14122148042136226 0.37954987496526565
8279.617389553152 5299.266393125681 3299.396403355702 9310.188074503372 5881.224277182035 3639.0075215064435 487.688561790541 91.24552237320228 15.126388503778534 3.3164116681110225 76.0561209099192 32.14116714398686 48.25616020699591 11.545682696640293 1.4960026500177095 0.41740891471812264 9.244744491620086 16.118882794202474 1.1453785165733592e+55 4065.386859052501 3520.8093048953056 16.245631445027165 -0.021800084298515855 0.3984962406014959 -0.14291439941471185 0.3908629441624418
8252.367924971788 5283.6943149984745 3291.609271346663 9226.155065787887 5776.192699127284 3568.111762779022 487.44495484043546 90.3477242766024 14.91623996845663 3.3892025279333837 77.14539429841886 32.14116714398686 48.24716102239054 11.433572939522648 1.4756678330260165 0.42649759526256903 9.375123188852992 16.123641791255956 1.1498952352682711e+55 4076.646991117119 3535.4016113493785 16.749875262071832 -0.02003692203397689 0.3988684582744068 -0.1567711405425443 0.38673875924871154
8271.920469005141 5295.429801653792 3299.4301776652082 9339.164686067656 5849.777599257416 3594.410023960303 490.1928148771633 91.55820760481508 14.660758721135595 3.4080549594310265 75.17714621879124 32.14116714398686 48.46429793867668 11.575590930705653 1.4487482830930518 0.42878398189308387 9.132388041436698 16.1148577814237 1.1457227990122623e+55 4112.510571447376 3492.2484257754213 13.176968776099077 -0.016558990332713144 0.3988711194731819 -0.14338104362379908 0.38487489457408464
8271.91052882056 5285.696356257116 3293.589963615561 9525.568952828937 5925.912107644655 3610.1591262788747 492.26904404519615 94.15236915351439 14.899556358807915 3.392794234059296 71.27525415536932 32.14116714398686 48.55536468250268 11.900109791516675 1.4688949018992141 0.42727654780626156 8.66166290597137 16.120256106008537 1.1420524512875932e+55 4106.196918071546 3479.382529541979 13.537206931804624 -0.016494035829362645 0.39816556914393675 -0.12450235020882217 0.3789966923925019
8357.483974120263 5361.5516370286805 3342.2154254047114 9404.764726724334 5823.497533186655 3555.0115689516306 494.7146121759962 92.44736220906793 15.3431279983643 3.382075176872737 74.1742926379505 32.14116714398686 48.64952951519217 11.687873440665955 1.5080096996443615 0.42562232764657687 9.007373842065888 16.109890440826188 1.1434798937540981e+55 4187.117092630705 3498.658960642755 14.429503697798191 -0.01946627303947207 0.3999068901303546 -0.1394775765734367 0.3780011166945838
8304.875008931447 5307.027178347407 3305.219639300619 9339.032466093398 5894.3288969298865 3654.746469722202 486.496470686602 89.99049732647347 15.600434071179103 3.6287464989980824 77.33858722711066 32.14116714398686 48.17747132698496 11.389722850705898 1.5441477079400983 0.4565631986104699 9.398196261099972 16.122268505299594 1.1485217249811654e+55 4071.587529808702 3582.3135850145854 17.421118030564816 -0.021921014524414535 0.39798547669242856 -0.1589840550305997 0.39134101771155055
8302.959244450736 5314.827707553784 3311.0676274731086 9438.836523622724 5828.711288579292 3554.9887769082115 489.2281055564381 92.56620727282801 15.255349226109432 3.48200844471942 74.4246103202566 32.14116714398686 48.348000211673664 11.704844318783879 1.506846874194565 0.4382599108175652 9.04152523701501 16.12165464604639 1.1455497088257108e+55 4089.915352009272 3509.5380612902522 16.351453513419276 -0.017423508716729087 0.39878163074039574 -0.13977003720311024 0.3766342141863656
8227.12838588171 5252.600293658223 3268.284627165122 9491.393200771488 5920.633932984642 3615.3937586341253 490.9110113739498 93.37620696519181 14.632657830504446 3.3209318891825936 72.60851796287238 32.14116714398686 48.538941905169075 11.80086738252795 1.4460959506969961 0.4180174852726824 8.820220496158313 16.121759175457846 1.1438304880818587e+55 4073.1869550014135 3481.077587673529 14.906016455556163 -0.017269950073666517 0.39725703475999136 -0.1273114235318822 0.3809128630705401
8265.98635999849 5293.421719358856 3297.4457237461047 9404.692688977982 5799.823045771207 3531.3544574749385 492.9041034785985 93.8124719678735 14.727702918648905 3.180628344121574 73.04273167259882 32.14116714398686 48.61421850918316 11.842213166036863 1.4518243173832064 0.39981187723389366 8.860202215717985 16.099114447829376 1.1418375114009873e+55 4119.98144790513 3489.8575430372393 16.7257156941347 -0.01814428595673981 0.39891739232759965 -0.1339337710103941 0.375488553880509
8211.57719631654 5258.444245828889 3276.071072873049 9383.759104687766 5881.259203833368 3610.1479487816036 486.0246147694478 91.38519388156504 14.766114490146629 3.569155409071244 74.08265070748308 32.14116714398686 48.26684426984638 11.565820793388383 1.4657146480080896 0.4495904595758807 9.012640656297847 16.136980975232223 1.1468594988414179e+55 4029.11325779933 3491.41078958162 14.465359388498216 -0.018025444210157962 0.3989575929874462 -0.14527495223843465 0.3847229994403962
8308.842636101055 5338.202808115442 3328.5951183256398 9181.585207061977 5826.118837423616 3620.6479841402315 487.8416412568996 89.03976447908967 16.10247525763237 3.385052091306741 77.87735431201301 32.14116714398686 48.28321718800849 11.268431417884946 1.5929111937400793 0.4258940477979391 9.465772371074957 16.118180681621684 1.1497973597343535e+55 4112.138613684048 3554.993963161346 14.648606736730533 -0.022631039691851436 0.40060875673144186 -0.15894325413479796 0.39433800400342917
8316.578948474944 5326.501324192845 3318.8499850522544 9252.424917009184 5860.219186936589 3636.381529528311 493.102152951318 89.91843021083247 15.866839540590465 3.420961772482699 76.56349556670159 32.14116714398686 48.58170992060399 11.376757863695826 1.5624373724653968 0.43039611932013105 9.300004825522747 16.1093343627166 1.1483541864333848e+55 4167.566944562564 3533.8511219320353 16.282351474306214 -0.023177112862733336 0.39906432748538384 -0.15420439086467752 0.393019296254258
8262.200588335912 5289.598163335402 3295.5422172453705 9168.510417434783 5807.773494663707 3612.7921919788487 490.9003525332302 89.51894432546588 14.523182384610491 3.348075230717877 78.03385351194491 32.14116714398686 48.50297356857981 11.329632879960336 1.4342337606921636 0.4212002243825322 9.48265574129162 16.113034328808283 1.1494356463292598e+55 4102.550342266945 3572.0281523849126 12.915257104121531 -0.01821825665065114 0.3988697904403123 -0.16141692422072326 0.3940435280641428
8312.713206897002 5328.462783452138 3320.805392972896 9220.946155363084 5805.100213413427 3597.0091779178347 490.55355289082996 90.2191259550636 15.214038069226957 3.3558584620386984 77.73272945652424 32.14116714398686 48.436400006828386 11.409285440107892 1.5014475769187179 0.42195485165356955 9.439583470150554 16.104568914819712 1.148231428152749e+55 4122.081594822623 3543.273538152032 15.378784650637883 -0.02431580333034375 0.3994851392464311 -0.1618306433777896 0.39009111617312103
8336.12284810837 5344.067552801291 3330.5583001077143 9226.26896964648 5828.775501597946 3610.165006620377 490.6281941371294 90.112758139809 15.525736207421694 3.3706082623633584 77.05260943808133 32.14116714398686 48.427245261249695 11.402549646605001 1.5316942890172716 0.4241512945584572 9.362452949263194 16.115736548849544 1.1490998851160218e+55 4118.729246121252 3521.293452630624 13.048917534999706 -0.021772942283706388 0.3995332555425911 -0.15101706018791997 0.3912919749573165
8260.232413760124 5299.310667706766 3305.2602145498035 9184.238572295964 5797.255222306856 3599.6543975464756 493.7048601403798 90.15778777275484 15.207289313657183 3.5504825739171855 77.68752777719466 32.14116714398686 48.671787937884524 11.395384347395535 1.4984409667113903 0.44615675584229897 9.428084727835232 16.093395966662168 1.1454936390899047e+55 4138.629020407795 3549.8703624283467 13.741045861673193 -0.016238410740695323 0.40014130946773474 -0.15593857015111626 0.39193825042881036
8279.64899059445 5303.177431475673 3303.2998087474625 9189.448006579689 5802.480027011731 3591.761392286022 489.51870125269187 90.19638094005651 15.318938777137749 3.4111593087805407 76.72046006865185 32.14116714398686 48.34860723727459 11.405132285729534 1.5122541242361667 0.42901300113959934 9.316419087292292 16.110611210407196 1.1464083522677006e+55 4098.203425717788 3500.489364178397 15.10146740672992 -0.021654716407551365 0.3989661654135288 -0.15402038088524572 0.3908571428571448
8337.937847118812 5359.547076251127 3344.123928884058 9189.367187477383 5815.5566629321565 3575.976602669791 491.4431353674183 87.09420636885568 16.22679637589704 3.348650734170552 79.75134697776608 32.14116714398686 48.47994228845012 11.01134367322697 1.5999057553315896 0.42105799363582 9.688603351386286 16.102542154127153 1.1512478419164245e+55 4154.692356536188 3333.2605082044483 17.737940983257584 -0.023031578606148528 0.4010732617825432 -0.17851102091701415 0.38914285714285946
8225.157202700084 5264.256241841649 3278.0013922776307 9320.702703395908 5891.734328569071 3654.7656797540617 487.7320456252905 90.28006315641909 15.125350470376771 3.569784589096044 77.61684402535819 32.14116714398686 48.315418605517806 11.425827737336775 1.497609431243683 0.4491166081210711 9.432595087651412 16.118388654513502 1.1497943531993847e+55 4065.5042030563523 3586.1382855294614 15.845444295902746 -0.019423705790338575 0.39853358561968355 -0.16021325330466185 0.39211267605633243
8353.600524544088 5355.72013136235 3340.2729624225008 9423.151979401944 5826.128236916471 3565.516965179136 488.8514961850384 91.28560388231438 15.779069649000071 3.3671247693504984 75.73087151873273 32.14116714398686 48.306003631650015 11.547825525397819 1.5584162168737485 0.4237059392698804 9.200916020439406 16.117602945582565 1.1476815374502693e+55 4125.303940089444 3541.0025088779294 14.164964122733569 -0.021106101477020637 0.399860270144388 -0.15500595954393348 0.37837837837838073
8322.387798970249 5351.773921217163 3338.293002111488 9423.054460235186 5768.306115669195 3499.8416259385367 492.69266231694365 93.09021856106162 15.739126313700904 3.325304541625954 74.06738008078652 32.14116714398686 48.581707919457195 11.755852890090432 1.5511281127685865 0.41815486439674043 8.98810909434046 16.103736640704227 1.1478661169154625e+55 4161.112959650041 3504.0931777844758 17.267336810925613 -0.024167325855219628 0.4011220196353436 -0.1414132474389372 0.37141264976316246
8369.070029290171 5377.05940515058 3353.8532613891784 9255.012110980106 5828.688478404565 3602.2345010679387 491.93350395072946 90.51816996770833 16.437528367839732 3.412308925964883 76.42862313987939 32.14116714398686 48.507253878754284 11.446234199096546 1.6199853634565466 0.4291560125583409 9.282032649864833 16.10305902047353 1.1477375744683917e+55 4155.339463441249 3516.4528255476675 17.524602265417858 -0.02388325554062933 0.40074384007438374 -0.15679138325008668 0.3892198581560216
8435.317740594219 5419.92509808477 3381.1305888267184 9278.75680486796 5781.500420011089 3560.2700134128827 491.72818828761143 89.5655129926961 16.274780094528058 3.445731719911015 77.23466771469428 32.14116714398686 48.379144128549626 11.331834644562916 1.60035556381839 0.43357606586660147 9.384768605265775 16.105227702882438 1.1511439036828068e+55 4195.4288317333385 3528.641370466695 13.813190053981256 -0.025980536452084684 0.40083025830258023 -0.157321652208214 0.3837011884550138
8306.899561241744 5328.477259541252 3320.814414763341 9339.121463832049 5915.389558058307 3662.6579820202023 489.4161089589882 91.13237533757776 15.32634821262771 3.4242774827939777 76.13457446814449 32.14116714398686 48.34165391578727 11.52560023992914 1.5130653562072942 0.4307754126481922 9.248582134354908 16.111129567075317 1.1454792666860221e+55 4133.005245300725 3516.7701144623466 14.56436595275321 -0.02151382077787214 0.3997658079625239 -0.1449475078501605 0.3921844250773169
8293.220431955666 5310.929340661246 3309.1175122581753 9294.418265218947 5886.464901305362 3652.1287590168417 490.1545947416963 90.48637946615295 15.10354038861077 3.4046708991921335 77.23108630069643 32.14116714398686 48.40664735373567 11.450787279618629 1.4908437727920438 0.4284124112106005 9.383988557280544 16.116778402628743 1.1481085892707545e+55 4098.468342726237 3548.3072065099136 16.77877757649452 -0.02142113944760209 0.39901477832512355 -0.15117776279492287 0.39293785310734664
8275.753157160212 5297.3379988122 3299.4069944861076 9339.099065182601 5844.485386307723 3597.010323109446 492.1370873019374 90.49628433496544 15.175645663567552 3.4637500642039107 76.36128769006007 32.14116714398686 48.584113215865884 11.445886271295358 1.4973750685590157 0.43582514891116136 9.276963986847287 16.11283444887175 1.1486239948751985e+55 4120.052641970054 3512.727051731115 15.2833436388556 -0.019979704887174262 0.39868359191349834 -0.15303779958114042 0.3851560303626692
8336.066650379938 5345.976932378998 3332.4812536992167 9210.453429923886 5857.61733242883 3644.272907848985 492.74070798202507 89.96876346167937 15.293611653893759 3.4562049286880296 78.48263748624883 32.14116714398686 48.518532920346715 11.367210965678224 1.5051320414583067 0.4340979836785842 9.520381235599343 16.08265021547522 1.147926637059072e+55 4164.292603884909 3567.5526060025727 15.069871654644809 -0.02145771063311505 0.3997666277713039 -0.15927248033830624 0.3956670467502815
8297.157346627473 5309.013458135093 3307.190501586552 9260.337699013393 5831.360938335378 3607.5146012033874 492.209126199226 89.17006619194655 15.5472637628834 3.563747216049105 77.6879818672831 32.14116714398686 48.53769867135854 11.276269701424223 1.5323681148762458 0.44808711847839466 9.433010165932727 16.104736884219356 1.1498291890417332e+55 4135.204838362009 3539.167645171763 15.112313565479388 -0.022005518181819856 0.3985932004689315 -0.16542168688242184 0.3895662035724395
8328.24995117036 5338.17282551081 3328.576422904147 9315.436473112673 5860.21820969199 3623.253194164504 490.24872763349947 90.6538505496895 15.799783028893756 3.3347234838923376 76.51800625472312 32.14116714398686 48.38152066028526 11.469589681101917 1.5584562793538501 0.4196267422246469 9.298046010276463 16.11414952690925 1.1465058966715153e+55 4114.52381244414 3526.631647564064 16.332341862358255 -0.021706168932319178 0.3996729736043027 -0.14886217049316228 0.3889515219842216
8334.163050935427 5353.785414606507 3338.334219282263 9297.143443621822 5862.897856426896 3636.41447879587 495.68790480360883 90.32535558669989 15.737722555767538 3.3629226148565268 77.35426859494976 32.14116714398686 48.72971286512734 11.427502321553245 1.5463059008670155 0.4229387324753868 9.392708994584812 16.099766198163657 1.1465500234133067e+55 4188.4623537101215 3580.2278993483956 13.566078347439722 -0.021029673324094257 0.40056022408963643 -0.15362552234406213 0.3911324484608853
8324.278281172448 5340.066343028346 3330.489464212899 9302.2183696166 5970.433128001185 3720.3622437896684 490.90333807006016 90.29338931171455 15.513485126915702 3.5669204762354054 76.30837145250354 32.14116714398686 48.467329984589725 11.419393244092117 1.5308867211778123 0.4485371160669 9.26669344125095 16.10528280332236 1.1440322487712745e+55 4120.1649865397685 3556.977711148092 19.244750781869364 -0.025701426494175127 0.4000934797849898 -0.15246160214772747 0.39994355066328197
8306.851402260578 5344.0095555057915 3334.412951633405 9551.736551099822 5941.610724337261 3620.6280109859317 490.08351741145907 93.6325233152302 15.85961877462391 3.1323215825800146 72.92883005029387 32.14116714398686 48.398989449195206 11.820732843621487 1.5654372437709592 0.3938357445470436 8.849532786342369 16.104320174860703 1.1439463601371853e+55 4130.807830054422 3499.105831304265 16.302318581465347 -0.021295956424083242 0.40140515222482465 -0.13929059734966967 0.3790544255085259
8351.670351380679 5349.893656253616 3332.497393877287 9210.498038834712 5818.262159081427 3618.0348624611943 490.5618212667989 89.37674698934447 16.289063371774517 3.395223165157958 78.37666726940022 32.14116714398686 48.42459802794977 11.30705860465557 1.607121110541608 0.4268488981131165 9.517327004854922 16.104527122163567 1.1482814732453728e+55 4126.456321007679 3604.8361634190874 13.617962379595827 -0.02035648923103726 0.39902166317260906 -0.16973142563305124 0.39281641961230346
8324.372776166032 5336.236159154858 3326.6364681570058 9197.301962359246 5854.976698846989 3636.386873499114 489.20323942881527 89.32772788217892 15.788591294792258 3.4304835836505916 78.09092872455864 32.14116714398686 48.27569859172428 11.302874091070095 1.5572636270206284 0.4315906393962925 9.487546200652929 16.114471589891462 1.1505238386722267e+55 4114.067037828684 3523.219132672066 15.841804977370817 -0.0217109240094362 0.39962608086001156 -0.16749461688621506 0.39537539252069154
8326.357479290924 5342.09757900302 3328.5975810903533 9231.477687505892 5833.999835505736 3623.276225471608 484.77221157751865 90.19589276310352 15.702830456157606 3.23950693604965 76.73298331341081 32.14116714398686 48.087260388303804 11.428603422544183 1.5568941299016748 0.4080578580571777 9.33822461208276 16.13532834471729 1.148853450349923e+55 4066.4521890889105 3580.661197811738 14.426806794054352 -0.018806811022923624 0.39976635514018527 -0.1545261727969862 0.3924914675767931
8336.008022278304 5363.447868709771 3346.075565535321 9226.141882508746 5810.316444505372 3599.6131249059863 492.67893392351135 89.61960061564591 15.39609502320475 3.5443555254609396 77.77982726500952 32.14116714398686 48.55466621049653 11.337735594835866 1.5165195321935514 0.44575797942640466 9.446998610884627 16.104809021788594 1.1492359714827989e+55 4158.103072384601 3558.026641180591 17.178225621237324 -0.024773695243827068 0.4014002333722334 -0.16473074386272218 0.3901536710301695
8378.852829694291 5388.767666183705 3363.6026335131837 9283.954880427675 5868.11062153732 3641.641804059149 492.50141873299106 89.48874489312415 16.334299367361325 3.4880080132342783 78.11422055819406 32.14116714398686 48.457728876547634 11.325000225923539 1.6062970168868218 0.43874830071764254 9.488424099942764 16.104634375915833 1.1501034516587983e+55 4185.995906726378 3579.595766116575 15.526491136628144 -0.02379231207617103 0.40143951706523856 -0.16914209986987647 0.3922511312217184
8264.060685813714 5277.871148920127 3285.781190757833 9391.587389515213 5902.233282535715 3625.882634867394 487.69310099555724 93.17341178039442 15.02624746295835 3.3306276696583654 73.71514433414767 32.14116714398686 48.316797381584195 11.773166568307131 1.487966297456327 0.41894687382807594 8.949377366414845 16.11959649435835 1.1436778784460528e+55 4044.1351914415454 3476.3171441388636 16.010323083800678 -0.018392767544200186 0.39759887005649464 -0.1386876090135362 0.3860777187587411
8277.723930808874 5297.35423351176 3297.4716951165897 9525.542661536267 5831.3754827100165 3531.382271159374 490.75009701623725 93.95433830079904 15.12916288442798 3.1747482593744167 72.32919301072415 32.14116714398686 48.50419351925968 11.875042057550703 1.4945609968543991 0.399616197693096 8.786978543136518 16.12048159277604 1.1447973903026072e+55 4083.413000833535 3516.0437801256426 14.364619487568621 -0.01928594649421051 0.39835487661574753 -0.13969491675204712 0.3707276736493916
